# 181 angles,  1 tensor ranks for 0=projectile
@subtitle   "#NAMELIST input for 22Ne(7Li,t) to 2+ state in 26Mg, Ex = 10.824 MeV"          
@legend ON
@legend x1 0.2
@legend y1 0.8
@g0 type LOGY
@yaxis ticklabel format power
@legend string   0 "Lab energy =   21.0000"
#legend string   0 "Partition=  2 Excit=  1 near/far= 1"
#  Theta       sigma       iT11        T20         T21         T22         Kyy for projectile
   0.000      0.2898    
   1.000      0.2891    
   2.000      0.2871    
   3.000      0.2837    
   4.000      0.2791    
   5.000      0.2733    
   6.000      0.2665    
   7.000      0.2588    
   8.000      0.2503    
   9.000      0.2413    
   10.00      0.2318    
   11.00      0.2219    
   12.00      0.2118    
   13.00      0.2016    
   14.00      0.1911    
   15.00      0.1804    
   16.00      0.1696    
   17.00      0.1586    
   18.00      0.1475    
   19.00      0.1362    
   20.00      0.1249    
   21.00      0.1136    
   22.00      0.1026    
   23.00      0.9193E-01
   24.00      0.8184E-01
   25.00      0.7252E-01
   26.00      0.6412E-01
   27.00      0.5676E-01
   28.00      0.5050E-01
   29.00      0.4533E-01
   30.00      0.4119E-01
   31.00      0.3795E-01
   32.00      0.3547E-01
   33.00      0.3355E-01
   34.00      0.3203E-01
   35.00      0.3074E-01
   36.00      0.2954E-01
   37.00      0.2833E-01
   38.00      0.2702E-01
   39.00      0.2559E-01
   40.00      0.2402E-01
   41.00      0.2232E-01
   42.00      0.2053E-01
   43.00      0.1870E-01
   44.00      0.1688E-01
   45.00      0.1512E-01
   46.00      0.1347E-01
   47.00      0.1197E-01
   48.00      0.1064E-01
   49.00      0.9504E-02
   50.00      0.8560E-02
   51.00      0.7801E-02
   52.00      0.7207E-02
   53.00      0.6754E-02
   54.00      0.6412E-02
   55.00      0.6147E-02
   56.00      0.5928E-02
   57.00      0.5725E-02
   58.00      0.5513E-02
   59.00      0.5274E-02
   60.00      0.4995E-02
   61.00      0.4673E-02
   62.00      0.4313E-02
   63.00      0.3925E-02
   64.00      0.3523E-02
   65.00      0.3124E-02
   66.00      0.2746E-02
   67.00      0.2402E-02
   68.00      0.2103E-02
   69.00      0.1854E-02
   70.00      0.1658E-02
   71.00      0.1509E-02
   72.00      0.1401E-02
   73.00      0.1325E-02
   74.00      0.1273E-02
   75.00      0.1234E-02
   76.00      0.1200E-02
   77.00      0.1165E-02
   78.00      0.1124E-02
   79.00      0.1073E-02
   80.00      0.1012E-02
   81.00      0.9422E-03
   82.00      0.8652E-03
   83.00      0.7843E-03
   84.00      0.7026E-03
   85.00      0.6232E-03
   86.00      0.5487E-03
   87.00      0.4810E-03
   88.00      0.4213E-03
   89.00      0.3704E-03
   90.00      0.3282E-03
   91.00      0.2945E-03
   92.00      0.2684E-03
   93.00      0.2489E-03
   94.00      0.2347E-03
   95.00      0.2243E-03
   96.00      0.2166E-03
   97.00      0.2103E-03
   98.00      0.2047E-03
   99.00      0.1993E-03
   100.0      0.1935E-03
   101.0      0.1872E-03
   102.0      0.1800E-03
   103.0      0.1717E-03
   104.0      0.1623E-03
   105.0      0.1516E-03
   106.0      0.1399E-03
   107.0      0.1276E-03
   108.0      0.1153E-03
   109.0      0.1034E-03
   110.0      0.9246E-04
   111.0      0.8272E-04
   112.0      0.7431E-04
   113.0      0.6723E-04
   114.0      0.6135E-04
   115.0      0.5654E-04
   116.0      0.5268E-04
   117.0      0.4965E-04
   118.0      0.4732E-04
   119.0      0.4550E-04
   120.0      0.4397E-04
   121.0      0.4247E-04
   122.0      0.4077E-04
   123.0      0.3873E-04
   124.0      0.3635E-04
   125.0      0.3374E-04
   126.0      0.3110E-04
   127.0      0.2863E-04
   128.0      0.2649E-04
   129.0      0.2473E-04
   130.0      0.2331E-04
   131.0      0.2209E-04
   132.0      0.2094E-04
   133.0      0.1977E-04
   134.0      0.1855E-04
   135.0      0.1732E-04
   136.0      0.1619E-04
   137.0      0.1524E-04
   138.0      0.1453E-04
   139.0      0.1407E-04
   140.0      0.1381E-04
   141.0      0.1370E-04
   142.0      0.1365E-04
   143.0      0.1360E-04
   144.0      0.1353E-04
   145.0      0.1342E-04
   146.0      0.1328E-04
   147.0      0.1307E-04
   148.0      0.1280E-04
   149.0      0.1243E-04
   150.0      0.1198E-04
   151.0      0.1145E-04
   152.0      0.1088E-04
   153.0      0.1035E-04
   154.0      0.9902E-05
   155.0      0.9578E-05
   156.0      0.9393E-05
   157.0      0.9326E-05
   158.0      0.9335E-05
   159.0      0.9367E-05
   160.0      0.9375E-05
   161.0      0.9331E-05
   162.0      0.9231E-05
   163.0      0.9097E-05
   164.0      0.8969E-05
   165.0      0.8894E-05
   166.0      0.8915E-05
   167.0      0.9069E-05
   168.0      0.9377E-05
   169.0      0.9847E-05
   170.0      0.1046E-04
   171.0      0.1118E-04
   172.0      0.1193E-04
   173.0      0.1259E-04
   174.0      0.1305E-04
   175.0      0.1321E-04
   176.0      0.1307E-04
   177.0      0.1269E-04
   178.0      0.1221E-04
   179.0      0.1182E-04
   180.0      0.1167E-04
 END
