# 181 angles,  1 tensor ranks for 0=projectile
@subtitle   "#NAMELIST input for 22Ne(7Li,t) to 2+ state in 26Mg, Ex = 11.361 MeV"          
@legend ON
@legend x1 0.2
@legend y1 0.8
@g0 type LOGY
@yaxis ticklabel format power
@legend string   0 "Lab energy =   21.0000"
#legend string   0 "Partition=  2 Excit=  1 near/far= 1"
#  Theta       sigma       iT11        T20         T21         T22         Kyy for projectile
   0.000      0.3729    
   1.000      0.3719    
   2.000      0.3689    
   3.000      0.3640    
   4.000      0.3573    
   5.000      0.3489    
   6.000      0.3391    
   7.000      0.3282    
   8.000      0.3164    
   9.000      0.3040    
   10.00      0.2912    
   11.00      0.2782    
   12.00      0.2651    
   13.00      0.2519    
   14.00      0.2387    
   15.00      0.2253    
   16.00      0.2119    
   17.00      0.1983    
   18.00      0.1845    
   19.00      0.1706    
   20.00      0.1567    
   21.00      0.1428    
   22.00      0.1291    
   23.00      0.1158    
   24.00      0.1031    
   25.00      0.9142E-01
   26.00      0.8083E-01
   27.00      0.7155E-01
   28.00      0.6365E-01
   29.00      0.5714E-01
   30.00      0.5193E-01
   31.00      0.4787E-01
   32.00      0.4476E-01
   33.00      0.4239E-01
   34.00      0.4054E-01
   35.00      0.3899E-01
   36.00      0.3757E-01
   37.00      0.3612E-01
   38.00      0.3454E-01
   39.00      0.3277E-01
   40.00      0.3078E-01
   41.00      0.2861E-01
   42.00      0.2630E-01
   43.00      0.2395E-01
   44.00      0.2162E-01
   45.00      0.1939E-01
   46.00      0.1733E-01
   47.00      0.1546E-01
   48.00      0.1380E-01
   49.00      0.1238E-01
   50.00      0.1118E-01
   51.00      0.1020E-01
   52.00      0.9410E-02
   53.00      0.8796E-02
   54.00      0.8322E-02
   55.00      0.7951E-02
   56.00      0.7642E-02
   57.00      0.7357E-02
   58.00      0.7063E-02
   59.00      0.6739E-02
   60.00      0.6374E-02
   61.00      0.5967E-02
   62.00      0.5525E-02
   63.00      0.5061E-02
   64.00      0.4589E-02
   65.00      0.4122E-02
   66.00      0.3673E-02
   67.00      0.3255E-02
   68.00      0.2878E-02
   69.00      0.2549E-02
   70.00      0.2273E-02
   71.00      0.2053E-02
   72.00      0.1885E-02
   73.00      0.1764E-02
   74.00      0.1680E-02
   75.00      0.1620E-02
   76.00      0.1574E-02
   77.00      0.1531E-02
   78.00      0.1483E-02
   79.00      0.1426E-02
   80.00      0.1357E-02
   81.00      0.1276E-02
   82.00      0.1187E-02
   83.00      0.1091E-02
   84.00      0.9917E-03
   85.00      0.8920E-03
   86.00      0.7948E-03
   87.00      0.7027E-03
   88.00      0.6178E-03
   89.00      0.5419E-03
   90.00      0.4763E-03
   91.00      0.4218E-03
   92.00      0.3786E-03
   93.00      0.3464E-03
   94.00      0.3241E-03
   95.00      0.3097E-03
   96.00      0.3009E-03
   97.00      0.2951E-03
   98.00      0.2896E-03
   99.00      0.2827E-03
   100.0      0.2732E-03
   101.0      0.2612E-03
   102.0      0.2475E-03
   103.0      0.2331E-03
   104.0      0.2191E-03
   105.0      0.2060E-03
   106.0      0.1938E-03
   107.0      0.1819E-03
   108.0      0.1698E-03
   109.0      0.1568E-03
   110.0      0.1432E-03
   111.0      0.1292E-03
   112.0      0.1158E-03
   113.0      0.1037E-03
   114.0      0.9359E-04
   115.0      0.8562E-04
   116.0      0.7953E-04
   117.0      0.7480E-04
   118.0      0.7092E-04
   119.0      0.6747E-04
   120.0      0.6433E-04
   121.0      0.6153E-04
   122.0      0.5914E-04
   123.0      0.5716E-04
   124.0      0.5540E-04
   125.0      0.5352E-04
   126.0      0.5118E-04
   127.0      0.4813E-04
   128.0      0.4438E-04
   129.0      0.4020E-04
   130.0      0.3604E-04
   131.0      0.3237E-04
   132.0      0.2955E-04
   133.0      0.2769E-04
   134.0      0.2665E-04
   135.0      0.2611E-04
   136.0      0.2567E-04
   137.0      0.2504E-04
   138.0      0.2406E-04
   139.0      0.2277E-04
   140.0      0.2133E-04
   141.0      0.1997E-04
   142.0      0.1887E-04
   143.0      0.1813E-04
   144.0      0.1776E-04
   145.0      0.1768E-04
   146.0      0.1779E-04
   147.0      0.1796E-04
   148.0      0.1807E-04
   149.0      0.1805E-04
   150.0      0.1785E-04
   151.0      0.1745E-04
   152.0      0.1688E-04
   153.0      0.1622E-04
   154.0      0.1555E-04
   155.0      0.1497E-04
   156.0      0.1455E-04
   157.0      0.1433E-04
   158.0      0.1425E-04
   159.0      0.1426E-04
   160.0      0.1423E-04
   161.0      0.1412E-04
   162.0      0.1393E-04
   163.0      0.1377E-04
   164.0      0.1378E-04
   165.0      0.1408E-04
   166.0      0.1467E-04
   167.0      0.1543E-04
   168.0      0.1621E-04
   169.0      0.1687E-04
   170.0      0.1745E-04
   171.0      0.1815E-04
   172.0      0.1922E-04
   173.0      0.2086E-04
   174.0      0.2302E-04
   175.0      0.2544E-04
   176.0      0.2776E-04
   177.0      0.2963E-04
   178.0      0.3090E-04
   179.0      0.3159E-04
   180.0      0.3181E-04
 END
