# 181 angles,  1 tensor ranks for 0=projectile
@subtitle   "#NAMELIST input for 22Ne(7Li,t) to 3- state in 26Mg, Ex = 11.525 MeV"          
@legend ON
@legend x1 0.2
@legend y1 0.8
@g0 type LOGY
@yaxis ticklabel format power
@legend string   0 "Lab energy =   21.0000"
#legend string   0 "Partition=  2 Excit=  1 near/far= 1"
#  Theta       sigma       iT11        T20         T21         T22         Kyy for projectile
   0.000      0.3969    
   1.000      0.3960    
   2.000      0.3934    
   3.000      0.3888    
   4.000      0.3824    
   5.000      0.3743    
   6.000      0.3651    
   7.000      0.3556    
   8.000      0.3465    
   9.000      0.3382    
   10.00      0.3307    
   11.00      0.3238    
   12.00      0.3168    
   13.00      0.3092    
   14.00      0.3009    
   15.00      0.2918    
   16.00      0.2820    
   17.00      0.2714    
   18.00      0.2601    
   19.00      0.2477    
   20.00      0.2340    
   21.00      0.2190    
   22.00      0.2029    
   23.00      0.1862    
   24.00      0.1695    
   25.00      0.1535    
   26.00      0.1385    
   27.00      0.1246    
   28.00      0.1117    
   29.00      0.9968E-01
   30.00      0.8835E-01
   31.00      0.7783E-01
   32.00      0.6838E-01
   33.00      0.6030E-01
   34.00      0.5376E-01
   35.00      0.4872E-01
   36.00      0.4491E-01
   37.00      0.4195E-01
   38.00      0.3945E-01
   39.00      0.3715E-01
   40.00      0.3494E-01
   41.00      0.3286E-01
   42.00      0.3099E-01
   43.00      0.2934E-01
   44.00      0.2787E-01
   45.00      0.2643E-01
   46.00      0.2485E-01
   47.00      0.2305E-01
   48.00      0.2102E-01
   49.00      0.1889E-01
   50.00      0.1680E-01
   51.00      0.1491E-01
   52.00      0.1331E-01
   53.00      0.1199E-01
   54.00      0.1089E-01
   55.00      0.9931E-02
   56.00      0.9042E-02
   57.00      0.8208E-02
   58.00      0.7454E-02
   59.00      0.6819E-02
   60.00      0.6330E-02
   61.00      0.5981E-02
   62.00      0.5735E-02
   63.00      0.5535E-02
   64.00      0.5333E-02
   65.00      0.5101E-02
   66.00      0.4840E-02
   67.00      0.4571E-02
   68.00      0.4314E-02
   69.00      0.4082E-02
   70.00      0.3865E-02
   71.00      0.3640E-02
   72.00      0.3384E-02
   73.00      0.3084E-02
   74.00      0.2744E-02
   75.00      0.2387E-02
   76.00      0.2043E-02
   77.00      0.1739E-02
   78.00      0.1493E-02
   79.00      0.1311E-02
   80.00      0.1188E-02
   81.00      0.1115E-02
   82.00      0.1083E-02
   83.00      0.1083E-02
   84.00      0.1103E-02
   85.00      0.1131E-02
   86.00      0.1150E-02
   87.00      0.1144E-02
   88.00      0.1105E-02
   89.00      0.1033E-02
   90.00      0.9390E-03
   91.00      0.8400E-03
   92.00      0.7528E-03
   93.00      0.6881E-03
   94.00      0.6473E-03
   95.00      0.6243E-03
   96.00      0.6094E-03
   97.00      0.5940E-03
   98.00      0.5734E-03
   99.00      0.5466E-03
   100.0      0.5146E-03
   101.0      0.4780E-03
   102.0      0.4368E-03
   103.0      0.3916E-03
   104.0      0.3459E-03
   105.0      0.3070E-03
   106.0      0.2849E-03
   107.0      0.2874E-03
   108.0      0.3163E-03
   109.0      0.3638E-03
   110.0      0.4139E-03
   111.0      0.4474E-03
   112.0      0.4495E-03
   113.0      0.4162E-03
   114.0      0.3568E-03
   115.0      0.2904E-03
   116.0      0.2389E-03
   117.0      0.2184E-03
   118.0      0.2324E-03
   119.0      0.2714E-03
   120.0      0.3168E-03
   121.0      0.3488E-03
   122.0      0.3542E-03
   123.0      0.3311E-03
   124.0      0.2887E-03
   125.0      0.2420E-03
   126.0      0.2057E-03
   127.0      0.1882E-03
   128.0      0.1893E-03
   129.0      0.2021E-03
   130.0      0.2169E-03
   131.0      0.2265E-03
   132.0      0.2283E-03
   133.0      0.2252E-03
   134.0      0.2224E-03
   135.0      0.2245E-03
   136.0      0.2325E-03
   137.0      0.2438E-03
   138.0      0.2532E-03
   139.0      0.2561E-03
   140.0      0.2510E-03
   141.0      0.2401E-03
   142.0      0.2284E-03
   143.0      0.2217E-03
   144.0      0.2239E-03
   145.0      0.2355E-03
   146.0      0.2539E-03
   147.0      0.2746E-03
   148.0      0.2933E-03
   149.0      0.3070E-03
   150.0      0.3155E-03
   151.0      0.3202E-03
   152.0      0.3234E-03
   153.0      0.3270E-03
   154.0      0.3325E-03
   155.0      0.3406E-03
   156.0      0.3524E-03
   157.0      0.3692E-03
   158.0      0.3921E-03
   159.0      0.4215E-03
   160.0      0.4559E-03
   161.0      0.4921E-03
   162.0      0.5270E-03
   163.0      0.5584E-03
   164.0      0.5862E-03
   165.0      0.6127E-03
   166.0      0.6415E-03
   167.0      0.6776E-03
   168.0      0.7284E-03
   169.0      0.8048E-03
   170.0      0.9204E-03
   171.0      0.1088E-02
   172.0      0.1311E-02
   173.0      0.1580E-02
   174.0      0.1870E-02
   175.0      0.2145E-02
   176.0      0.2373E-02
   177.0      0.2534E-02
   178.0      0.2630E-02
   179.0      0.2675E-02
   180.0      0.2688E-02
 END
