# 181 angles,  1 tensor ranks for 0=projectile
@subtitle   "#NAMELIST input for 22Ne(7Li,t) to 1- state in 26Mg, Ex = 11.285 MeV"          
@legend ON
@legend x1 0.2
@legend y1 0.8
@g0 type LOGY
@yaxis ticklabel format power
@legend string   0 "Lab energy =   21.0000"
#legend string   0 "Partition=  2 Excit=  1 near/far= 1"
#  Theta       sigma       iT11        T20         T21         T22         Kyy for projectile
   0.000      0.1435    
   1.000      0.1429    
   2.000      0.1411    
   3.000      0.1381    
   4.000      0.1343    
   5.000      0.1296    
   6.000      0.1244    
   7.000      0.1188    
   8.000      0.1129    
   9.000      0.1068    
   10.00      0.1007    
   11.00      0.9455E-01
   12.00      0.8837E-01
   13.00      0.8215E-01
   14.00      0.7591E-01
   15.00      0.6966E-01
   16.00      0.6344E-01
   17.00      0.5733E-01
   18.00      0.5144E-01
   19.00      0.4587E-01
   20.00      0.4075E-01
   21.00      0.3620E-01
   22.00      0.3231E-01
   23.00      0.2911E-01
   24.00      0.2661E-01
   25.00      0.2474E-01
   26.00      0.2342E-01
   27.00      0.2251E-01
   28.00      0.2189E-01
   29.00      0.2140E-01
   30.00      0.2094E-01
   31.00      0.2040E-01
   32.00      0.1973E-01
   33.00      0.1889E-01
   34.00      0.1789E-01
   35.00      0.1676E-01
   36.00      0.1554E-01
   37.00      0.1428E-01
   38.00      0.1304E-01
   39.00      0.1186E-01
   40.00      0.1078E-01
   41.00      0.9825E-02
   42.00      0.9005E-02
   43.00      0.8316E-02
   44.00      0.7746E-02
   45.00      0.7276E-02
   46.00      0.6884E-02
   47.00      0.6548E-02
   48.00      0.6247E-02
   49.00      0.5965E-02
   50.00      0.5687E-02
   51.00      0.5404E-02
   52.00      0.5109E-02
   53.00      0.4800E-02
   54.00      0.4478E-02
   55.00      0.4146E-02
   56.00      0.3811E-02
   57.00      0.3481E-02
   58.00      0.3163E-02
   59.00      0.2866E-02
   60.00      0.2596E-02
   61.00      0.2358E-02
   62.00      0.2153E-02
   63.00      0.1982E-02
   64.00      0.1842E-02
   65.00      0.1728E-02
   66.00      0.1637E-02
   67.00      0.1561E-02
   68.00      0.1496E-02
   69.00      0.1436E-02
   70.00      0.1377E-02
   71.00      0.1314E-02
   72.00      0.1246E-02
   73.00      0.1173E-02
   74.00      0.1094E-02
   75.00      0.1011E-02
   76.00      0.9266E-03
   77.00      0.8435E-03
   78.00      0.7639E-03
   79.00      0.6901E-03
   80.00      0.6235E-03
   81.00      0.5648E-03
   82.00      0.5141E-03
   83.00      0.4710E-03
   84.00      0.4346E-03
   85.00      0.4039E-03
   86.00      0.3778E-03
   87.00      0.3552E-03
   88.00      0.3350E-03
   89.00      0.3164E-03
   90.00      0.2987E-03
   91.00      0.2813E-03
   92.00      0.2640E-03
   93.00      0.2468E-03
   94.00      0.2296E-03
   95.00      0.2126E-03
   96.00      0.1962E-03
   97.00      0.1806E-03
   98.00      0.1660E-03
   99.00      0.1528E-03
   100.0      0.1408E-03
   101.0      0.1303E-03
   102.0      0.1210E-03
   103.0      0.1130E-03
   104.0      0.1060E-03
   105.0      0.9995E-04
   106.0      0.9469E-04
   107.0      0.9007E-04
   108.0      0.8598E-04
   109.0      0.8227E-04
   110.0      0.7882E-04
   111.0      0.7549E-04
   112.0      0.7213E-04
   113.0      0.6868E-04
   114.0      0.6506E-04
   115.0      0.6131E-04
   116.0      0.5747E-04
   117.0      0.5365E-04
   118.0      0.4996E-04
   119.0      0.4650E-04
   120.0      0.4334E-04
   121.0      0.4049E-04
   122.0      0.3794E-04
   123.0      0.3566E-04
   124.0      0.3361E-04
   125.0      0.3173E-04
   126.0      0.3001E-04
   127.0      0.2843E-04
   128.0      0.2699E-04
   129.0      0.2568E-04
   130.0      0.2449E-04
   131.0      0.2340E-04
   132.0      0.2236E-04
   133.0      0.2136E-04
   134.0      0.2037E-04
   135.0      0.1938E-04
   136.0      0.1841E-04
   137.0      0.1746E-04
   138.0      0.1655E-04
   139.0      0.1571E-04
   140.0      0.1493E-04
   141.0      0.1421E-04
   142.0      0.1354E-04
   143.0      0.1291E-04
   144.0      0.1229E-04
   145.0      0.1169E-04
   146.0      0.1111E-04
   147.0      0.1056E-04
   148.0      0.1005E-04
   149.0      0.9623E-05
   150.0      0.9275E-05
   151.0      0.9011E-05
   152.0      0.8820E-05
   153.0      0.8677E-05
   154.0      0.8554E-05
   155.0      0.8419E-05
   156.0      0.8252E-05
   157.0      0.8043E-05
   158.0      0.7798E-05
   159.0      0.7536E-05
   160.0      0.7285E-05
   161.0      0.7070E-05
   162.0      0.6912E-05
   163.0      0.6814E-05
   164.0      0.6766E-05
   165.0      0.6742E-05
   166.0      0.6711E-05
   167.0      0.6644E-05
   168.0      0.6524E-05
   169.0      0.6350E-05
   170.0      0.6136E-05
   171.0      0.5915E-05
   172.0      0.5722E-05
   173.0      0.5592E-05
   174.0      0.5547E-05
   175.0      0.5591E-05
   176.0      0.5707E-05
   177.0      0.5862E-05
   178.0      0.6016E-05
   179.0      0.6128E-05
   180.0      0.6169E-05
 END
