# 181 angles,  1 tensor ranks for 0=projectile
@subtitle   "#NAMELIST input for 22Ne(7Li,t) to ground state in 26Mg, Ex =  0 MeV"          
@legend ON
@legend x1 0.2
@legend y1 0.8
@g0 type LOGY
@yaxis ticklabel format power
@legend string   0 "Lab energy =   21.0000"
#legend string   0 "Partition=  2 Excit=  1 near/far= 1"
#  Theta       sigma       iT11        T20         T21         T22         Kyy for projectile
   0.000      0.5458E-01
   1.000      0.5363E-01
   2.000      0.5086E-01
   3.000      0.4652E-01
   4.000      0.4099E-01
   5.000      0.3474E-01
   6.000      0.2827E-01
   7.000      0.2206E-01
   8.000      0.1653E-01
   9.000      0.1198E-01
   10.00      0.8577E-02
   11.00      0.6354E-02
   12.00      0.5217E-02
   13.00      0.4972E-02
   14.00      0.5361E-02
   15.00      0.6103E-02
   16.00      0.6931E-02
   17.00      0.7621E-02
   18.00      0.8019E-02
   19.00      0.8049E-02
   20.00      0.7705E-02
   21.00      0.7048E-02
   22.00      0.6179E-02
   23.00      0.5222E-02
   24.00      0.4297E-02
   25.00      0.3506E-02
   26.00      0.2917E-02
   27.00      0.2561E-02
   28.00      0.2428E-02
   29.00      0.2480E-02
   30.00      0.2656E-02
   31.00      0.2887E-02
   32.00      0.3105E-02
   33.00      0.3256E-02
   34.00      0.3306E-02
   35.00      0.3239E-02
   36.00      0.3063E-02
   37.00      0.2801E-02
   38.00      0.2487E-02
   39.00      0.2158E-02
   40.00      0.1850E-02
   41.00      0.1591E-02
   42.00      0.1397E-02
   43.00      0.1275E-02
   44.00      0.1219E-02
   45.00      0.1215E-02
   46.00      0.1243E-02
   47.00      0.1284E-02
   48.00      0.1317E-02
   49.00      0.1330E-02
   50.00      0.1312E-02
   51.00      0.1261E-02
   52.00      0.1181E-02
   53.00      0.1078E-02
   54.00      0.9641E-03
   55.00      0.8483E-03
   56.00      0.7409E-03
   57.00      0.6491E-03
   58.00      0.5775E-03
   59.00      0.5275E-03
   60.00      0.4973E-03
   61.00      0.4834E-03
   62.00      0.4805E-03
   63.00      0.4830E-03
   64.00      0.4857E-03
   65.00      0.4842E-03
   66.00      0.4756E-03
   67.00      0.4587E-03
   68.00      0.4335E-03
   69.00      0.4014E-03
   70.00      0.3647E-03
   71.00      0.3260E-03
   72.00      0.2880E-03
   73.00      0.2532E-03
   74.00      0.2233E-03
   75.00      0.1994E-03
   76.00      0.1819E-03
   77.00      0.1702E-03
   78.00      0.1635E-03
   79.00      0.1603E-03
   80.00      0.1592E-03
   81.00      0.1587E-03
   82.00      0.1576E-03
   83.00      0.1549E-03
   84.00      0.1501E-03
   85.00      0.1431E-03
   86.00      0.1342E-03
   87.00      0.1237E-03
   88.00      0.1123E-03
   89.00      0.1008E-03
   90.00      0.8980E-04
   91.00      0.7985E-04
   92.00      0.7138E-04
   93.00      0.6459E-04
   94.00      0.5953E-04
   95.00      0.5604E-04
   96.00      0.5389E-04
   97.00      0.5272E-04
   98.00      0.5216E-04
   99.00      0.5186E-04
   100.0      0.5148E-04
   101.0      0.5080E-04
   102.0      0.4964E-04
   103.0      0.4793E-04
   104.0      0.4568E-04
   105.0      0.4298E-04
   106.0      0.3996E-04
   107.0      0.3676E-04
   108.0      0.3355E-04
   109.0      0.3050E-04
   110.0      0.2773E-04
   111.0      0.2534E-04
   112.0      0.2338E-04
   113.0      0.2187E-04
   114.0      0.2079E-04
   115.0      0.2008E-04
   116.0      0.1967E-04
   117.0      0.1948E-04
   118.0      0.1940E-04
   119.0      0.1937E-04
   120.0      0.1930E-04
   121.0      0.1914E-04
   122.0      0.1885E-04
   123.0      0.1841E-04
   124.0      0.1782E-04
   125.0      0.1710E-04
   126.0      0.1627E-04
   127.0      0.1537E-04
   128.0      0.1444E-04
   129.0      0.1352E-04
   130.0      0.1264E-04
   131.0      0.1183E-04
   132.0      0.1112E-04
   133.0      0.1051E-04
   134.0      0.1002E-04
   135.0      0.9638E-05
   136.0      0.9356E-05
   137.0      0.9159E-05
   138.0      0.9029E-05
   139.0      0.8945E-05
   140.0      0.8888E-05
   141.0      0.8838E-05
   142.0      0.8780E-05
   143.0      0.8699E-05
   144.0      0.8588E-05
   145.0      0.8440E-05
   146.0      0.8254E-05
   147.0      0.8032E-05
   148.0      0.7779E-05
   149.0      0.7503E-05
   150.0      0.7211E-05
   151.0      0.6913E-05
   152.0      0.6618E-05
   153.0      0.6334E-05
   154.0      0.6070E-05
   155.0      0.5830E-05
   156.0      0.5620E-05
   157.0      0.5442E-05
   158.0      0.5297E-05
   159.0      0.5184E-05
   160.0      0.5101E-05
   161.0      0.5045E-05
   162.0      0.5013E-05
   163.0      0.5000E-05
   164.0      0.5003E-05
   165.0      0.5017E-05
   166.0      0.5038E-05
   167.0      0.5064E-05
   168.0      0.5092E-05
   169.0      0.5118E-05
   170.0      0.5143E-05
   171.0      0.5165E-05
   172.0      0.5183E-05
   173.0      0.5197E-05
   174.0      0.5208E-05
   175.0      0.5216E-05
   176.0      0.5222E-05
   177.0      0.5226E-05
   178.0      0.5228E-05
   179.0      0.5229E-05
   180.0      0.5229E-05
 END
