# 181 angles,  1 tensor ranks for 0=projectile
@subtitle   "#NAMELIST input for 22Ne(7Li,t) to 1- state in 26Mg, Ex = 11.328 MeV"          
@legend ON
@legend x1 0.2
@legend y1 0.8
@g0 type LOGY
@yaxis ticklabel format power
@legend string   0 "Lab energy =   21.0000"
#legend string   0 "Partition=  2 Excit=  1 near/far= 1"
#  Theta       sigma       iT11        T20         T21         T22         Kyy for projectile
   0.000      0.1456    
   1.000      0.1450    
   2.000      0.1432    
   3.000      0.1403    
   4.000      0.1364    
   5.000      0.1317    
   6.000      0.1265    
   7.000      0.1208    
   8.000      0.1148    
   9.000      0.1087    
   10.00      0.1025    
   11.00      0.9620E-01
   12.00      0.8991E-01
   13.00      0.8358E-01
   14.00      0.7722E-01
   15.00      0.7086E-01
   16.00      0.6454E-01
   17.00      0.5832E-01
   18.00      0.5233E-01
   19.00      0.4667E-01
   20.00      0.4147E-01
   21.00      0.3685E-01
   22.00      0.3289E-01
   23.00      0.2964E-01
   24.00      0.2710E-01
   25.00      0.2520E-01
   26.00      0.2386E-01
   27.00      0.2294E-01
   28.00      0.2230E-01
   29.00      0.2180E-01
   30.00      0.2133E-01
   31.00      0.2078E-01
   32.00      0.2010E-01
   33.00      0.1925E-01
   34.00      0.1823E-01
   35.00      0.1708E-01
   36.00      0.1584E-01
   37.00      0.1455E-01
   38.00      0.1329E-01
   39.00      0.1209E-01
   40.00      0.1099E-01
   41.00      0.1002E-01
   42.00      0.9187E-02
   43.00      0.8487E-02
   44.00      0.7907E-02
   45.00      0.7428E-02
   46.00      0.7028E-02
   47.00      0.6685E-02
   48.00      0.6378E-02
   49.00      0.6090E-02
   50.00      0.5807E-02
   51.00      0.5518E-02
   52.00      0.5217E-02
   53.00      0.4902E-02
   54.00      0.4573E-02
   55.00      0.4234E-02
   56.00      0.3892E-02
   57.00      0.3555E-02
   58.00      0.3231E-02
   59.00      0.2929E-02
   60.00      0.2654E-02
   61.00      0.2412E-02
   62.00      0.2204E-02
   63.00      0.2029E-02
   64.00      0.1885E-02
   65.00      0.1768E-02
   66.00      0.1674E-02
   67.00      0.1596E-02
   68.00      0.1529E-02
   69.00      0.1467E-02
   70.00      0.1406E-02
   71.00      0.1342E-02
   72.00      0.1273E-02
   73.00      0.1198E-02
   74.00      0.1117E-02
   75.00      0.1033E-02
   76.00      0.9473E-03
   77.00      0.8629E-03
   78.00      0.7824E-03
   79.00      0.7076E-03
   80.00      0.6402E-03
   81.00      0.5806E-03
   82.00      0.5289E-03
   83.00      0.4847E-03
   84.00      0.4472E-03
   85.00      0.4153E-03
   86.00      0.3881E-03
   87.00      0.3643E-03
   88.00      0.3432E-03
   89.00      0.3238E-03
   90.00      0.3055E-03
   91.00      0.2877E-03
   92.00      0.2702E-03
   93.00      0.2527E-03
   94.00      0.2354E-03
   95.00      0.2183E-03
   96.00      0.2017E-03
   97.00      0.1858E-03
   98.00      0.1709E-03
   99.00      0.1572E-03
   100.0      0.1448E-03
   101.0      0.1339E-03
   102.0      0.1243E-03
   103.0      0.1160E-03
   104.0      0.1087E-03
   105.0      0.1024E-03
   106.0      0.9689E-04
   107.0      0.9204E-04
   108.0      0.8776E-04
   109.0      0.8394E-04
   110.0      0.8045E-04
   111.0      0.7715E-04
   112.0      0.7388E-04
   113.0      0.7050E-04
   114.0      0.6693E-04
   115.0      0.6314E-04
   116.0      0.5919E-04
   117.0      0.5519E-04
   118.0      0.5130E-04
   119.0      0.4764E-04
   120.0      0.4431E-04
   121.0      0.4137E-04
   122.0      0.3880E-04
   123.0      0.3654E-04
   124.0      0.3453E-04
   125.0      0.3268E-04
   126.0      0.3096E-04
   127.0      0.2933E-04
   128.0      0.2781E-04
   129.0      0.2640E-04
   130.0      0.2511E-04
   131.0      0.2392E-04
   132.0      0.2283E-04
   133.0      0.2180E-04
   134.0      0.2081E-04
   135.0      0.1984E-04
   136.0      0.1888E-04
   137.0      0.1794E-04
   138.0      0.1702E-04
   139.0      0.1615E-04
   140.0      0.1533E-04
   141.0      0.1458E-04
   142.0      0.1388E-04
   143.0      0.1321E-04
   144.0      0.1258E-04
   145.0      0.1197E-04
   146.0      0.1139E-04
   147.0      0.1083E-04
   148.0      0.1032E-04
   149.0      0.9880E-05
   150.0      0.9515E-05
   151.0      0.9233E-05
   152.0      0.9025E-05
   153.0      0.8869E-05
   154.0      0.8735E-05
   155.0      0.8593E-05
   156.0      0.8417E-05
   157.0      0.8197E-05
   158.0      0.7939E-05
   159.0      0.7664E-05
   160.0      0.7403E-05
   161.0      0.7184E-05
   162.0      0.7031E-05
   163.0      0.6946E-05
   164.0      0.6917E-05
   165.0      0.6913E-05
   166.0      0.6897E-05
   167.0      0.6834E-05
   168.0      0.6702E-05
   169.0      0.6502E-05
   170.0      0.6255E-05
   171.0      0.6003E-05
   172.0      0.5792E-05
   173.0      0.5666E-05
   174.0      0.5651E-05
   175.0      0.5748E-05
   176.0      0.5932E-05
   177.0      0.6158E-05
   178.0      0.6373E-05
   179.0      0.6527E-05
   180.0      0.6582E-05
 END
