# 181 angles,  1 tensor ranks for 0=projectile
@subtitle   "#NAMELIST input for 22Ne(7Li,t) to 1- state in 26Mg, Ex = 11.326 MeV"          
@legend ON
@legend x1 0.2
@legend y1 0.8
@g0 type LOGY
@yaxis ticklabel format power
@legend string   0 "Lab energy =   21.0000"
#legend string   0 "Partition=  2 Excit=  1 near/far= 1"
#  Theta       sigma       iT11        T20         T21         T22         Kyy for projectile
   0.000      0.1455    
   1.000      0.1449    
   2.000      0.1431    
   3.000      0.1402    
   4.000      0.1363    
   5.000      0.1316    
   6.000      0.1264    
   7.000      0.1207    
   8.000      0.1147    
   9.000      0.1086    
   10.00      0.1024    
   11.00      0.9613E-01
   12.00      0.8984E-01
   13.00      0.8352E-01
   14.00      0.7717E-01
   15.00      0.7081E-01
   16.00      0.6448E-01
   17.00      0.5827E-01
   18.00      0.5228E-01
   19.00      0.4662E-01
   20.00      0.4143E-01
   21.00      0.3682E-01
   22.00      0.3287E-01
   23.00      0.2962E-01
   24.00      0.2708E-01
   25.00      0.2518E-01
   26.00      0.2384E-01
   27.00      0.2292E-01
   28.00      0.2228E-01
   29.00      0.2179E-01
   30.00      0.2132E-01
   31.00      0.2077E-01
   32.00      0.2008E-01
   33.00      0.1923E-01
   34.00      0.1821E-01
   35.00      0.1706E-01
   36.00      0.1582E-01
   37.00      0.1454E-01
   38.00      0.1327E-01
   39.00      0.1208E-01
   40.00      0.1098E-01
   41.00      0.1001E-01
   42.00      0.9180E-02
   43.00      0.8480E-02
   44.00      0.7900E-02
   45.00      0.7421E-02
   46.00      0.7022E-02
   47.00      0.6680E-02
   48.00      0.6374E-02
   49.00      0.6086E-02
   50.00      0.5802E-02
   51.00      0.5511E-02
   52.00      0.5209E-02
   53.00      0.4893E-02
   54.00      0.4565E-02
   55.00      0.4227E-02
   56.00      0.3887E-02
   57.00      0.3552E-02
   58.00      0.3230E-02
   59.00      0.2929E-02
   60.00      0.2654E-02
   61.00      0.2411E-02
   62.00      0.2202E-02
   63.00      0.2027E-02
   64.00      0.1882E-02
   65.00      0.1766E-02
   66.00      0.1671E-02
   67.00      0.1594E-02
   68.00      0.1526E-02
   69.00      0.1465E-02
   70.00      0.1403E-02
   71.00      0.1339E-02
   72.00      0.1270E-02
   73.00      0.1196E-02
   74.00      0.1116E-02
   75.00      0.1033E-02
   76.00      0.9482E-03
   77.00      0.8642E-03
   78.00      0.7836E-03
   79.00      0.7084E-03
   80.00      0.6400E-03
   81.00      0.5795E-03
   82.00      0.5271E-03
   83.00      0.4825E-03
   84.00      0.4450E-03
   85.00      0.4134E-03
   86.00      0.3866E-03
   87.00      0.3635E-03
   88.00      0.3430E-03
   89.00      0.3240E-03
   90.00      0.3059E-03
   91.00      0.2882E-03
   92.00      0.2706E-03
   93.00      0.2530E-03
   94.00      0.2355E-03
   95.00      0.2182E-03
   96.00      0.2014E-03
   97.00      0.1853E-03
   98.00      0.1704E-03
   99.00      0.1566E-03
   100.0      0.1442E-03
   101.0      0.1333E-03
   102.0      0.1237E-03
   103.0      0.1155E-03
   104.0      0.1084E-03
   105.0      0.1023E-03
   106.0      0.9704E-04
   107.0      0.9242E-04
   108.0      0.8828E-04
   109.0      0.8446E-04
   110.0      0.8084E-04
   111.0      0.7728E-04
   112.0      0.7371E-04
   113.0      0.7005E-04
   114.0      0.6629E-04
   115.0      0.6246E-04
   116.0      0.5861E-04
   117.0      0.5483E-04
   118.0      0.5120E-04
   119.0      0.4778E-04
   120.0      0.4462E-04
   121.0      0.4174E-04
   122.0      0.3912E-04
   123.0      0.3674E-04
   124.0      0.3457E-04
   125.0      0.3258E-04
   126.0      0.3076E-04
   127.0      0.2910E-04
   128.0      0.2759E-04
   129.0      0.2622E-04
   130.0      0.2499E-04
   131.0      0.2386E-04
   132.0      0.2281E-04
   133.0      0.2182E-04
   134.0      0.2085E-04
   135.0      0.1989E-04
   136.0      0.1893E-04
   137.0      0.1799E-04
   138.0      0.1707E-04
   139.0      0.1618E-04
   140.0      0.1534E-04
   141.0      0.1455E-04
   142.0      0.1381E-04
   143.0      0.1313E-04
   144.0      0.1249E-04
   145.0      0.1189E-04
   146.0      0.1133E-04
   147.0      0.1081E-04
   148.0      0.1034E-04
   149.0      0.9939E-05
   150.0      0.9597E-05
   151.0      0.9317E-05
   152.0      0.9089E-05
   153.0      0.8897E-05
   154.0      0.8720E-05
   155.0      0.8538E-05
   156.0      0.8337E-05
   157.0      0.8112E-05
   158.0      0.7871E-05
   159.0      0.7630E-05
   160.0      0.7412E-05
   161.0      0.7234E-05
   162.0      0.7108E-05
   163.0      0.7031E-05
   164.0      0.6988E-05
   165.0      0.6955E-05
   166.0      0.6902E-05
   167.0      0.6805E-05
   168.0      0.6652E-05
   169.0      0.6447E-05
   170.0      0.6216E-05
   171.0      0.5993E-05
   172.0      0.5821E-05
   173.0      0.5732E-05
   174.0      0.5742E-05
   175.0      0.5845E-05
   176.0      0.6015E-05
   177.0      0.6210E-05
   178.0      0.6389E-05
   179.0      0.6513E-05
   180.0      0.6558E-05
 END
