# 181 angles,  1 tensor ranks for 0=projectile
@subtitle   "#NAMELIST input for 22Ne(7Li,t) to 1- state in 26Mg, Ex = 11.336 MeV"          
@legend ON
@legend x1 0.2
@legend y1 0.8
@g0 type LOGY
@yaxis ticklabel format power
@legend string   0 "Lab energy =   21.0000"
#legend string   0 "Partition=  2 Excit=  1 near/far= 1"
#  Theta       sigma       iT11        T20         T21         T22         Kyy for projectile
   0.000      0.1461    
   1.000      0.1455    
   2.000      0.1436    
   3.000      0.1407    
   4.000      0.1368    
   5.000      0.1321    
   6.000      0.1268    
   7.000      0.1211    
   8.000      0.1151    
   9.000      0.1090    
   10.00      0.1028    
   11.00      0.9652E-01
   12.00      0.9021E-01
   13.00      0.8387E-01
   14.00      0.7750E-01
   15.00      0.7111E-01
   16.00      0.6475E-01
   17.00      0.5851E-01
   18.00      0.5248E-01
   19.00      0.4680E-01
   20.00      0.4159E-01
   21.00      0.3696E-01
   22.00      0.3300E-01
   23.00      0.2974E-01
   24.00      0.2719E-01
   25.00      0.2529E-01
   26.00      0.2394E-01
   27.00      0.2301E-01
   28.00      0.2238E-01
   29.00      0.2188E-01
   30.00      0.2141E-01
   31.00      0.2087E-01
   32.00      0.2018E-01
   33.00      0.1932E-01
   34.00      0.1830E-01
   35.00      0.1714E-01
   36.00      0.1588E-01
   37.00      0.1460E-01
   38.00      0.1333E-01
   39.00      0.1213E-01
   40.00      0.1103E-01
   41.00      0.1006E-01
   42.00      0.9221E-02
   43.00      0.8518E-02
   44.00      0.7937E-02
   45.00      0.7457E-02
   46.00      0.7057E-02
   47.00      0.6714E-02
   48.00      0.6407E-02
   49.00      0.6118E-02
   50.00      0.5832E-02
   51.00      0.5540E-02
   52.00      0.5235E-02
   53.00      0.4917E-02
   54.00      0.4585E-02
   55.00      0.4246E-02
   56.00      0.3904E-02
   57.00      0.3568E-02
   58.00      0.3245E-02
   59.00      0.2943E-02
   60.00      0.2668E-02
   61.00      0.2425E-02
   62.00      0.2215E-02
   63.00      0.2038E-02
   64.00      0.1893E-02
   65.00      0.1776E-02
   66.00      0.1680E-02
   67.00      0.1602E-02
   68.00      0.1534E-02
   69.00      0.1472E-02
   70.00      0.1410E-02
   71.00      0.1345E-02
   72.00      0.1276E-02
   73.00      0.1201E-02
   74.00      0.1121E-02
   75.00      0.1038E-02
   76.00      0.9530E-03
   77.00      0.8691E-03
   78.00      0.7884E-03
   79.00      0.7129E-03
   80.00      0.6443E-03
   81.00      0.5834E-03
   82.00      0.5306E-03
   83.00      0.4856E-03
   84.00      0.4476E-03
   85.00      0.4158E-03
   86.00      0.3888E-03
   87.00      0.3656E-03
   88.00      0.3449E-03
   89.00      0.3258E-03
   90.00      0.3076E-03
   91.00      0.2898E-03
   92.00      0.2721E-03
   93.00      0.2544E-03
   94.00      0.2368E-03
   95.00      0.2195E-03
   96.00      0.2026E-03
   97.00      0.1865E-03
   98.00      0.1714E-03
   99.00      0.1576E-03
   100.0      0.1451E-03
   101.0      0.1340E-03
   102.0      0.1244E-03
   103.0      0.1162E-03
   104.0      0.1091E-03
   105.0      0.1030E-03
   106.0      0.9776E-04
   107.0      0.9309E-04
   108.0      0.8885E-04
   109.0      0.8490E-04
   110.0      0.8113E-04
   111.0      0.7746E-04
   112.0      0.7383E-04
   113.0      0.7020E-04
   114.0      0.6653E-04
   115.0      0.6283E-04
   116.0      0.5911E-04
   117.0      0.5540E-04
   118.0      0.5176E-04
   119.0      0.4827E-04
   120.0      0.4498E-04
   121.0      0.4196E-04
   122.0      0.3923E-04
   123.0      0.3679E-04
   124.0      0.3462E-04
   125.0      0.3268E-04
   126.0      0.3093E-04
   127.0      0.2933E-04
   128.0      0.2785E-04
   129.0      0.2646E-04
   130.0      0.2518E-04
   131.0      0.2399E-04
   132.0      0.2289E-04
   133.0      0.2187E-04
   134.0      0.2091E-04
   135.0      0.1999E-04
   136.0      0.1909E-04
   137.0      0.1817E-04
   138.0      0.1725E-04
   139.0      0.1633E-04
   140.0      0.1543E-04
   141.0      0.1457E-04
   142.0      0.1378E-04
   143.0      0.1307E-04
   144.0      0.1244E-04
   145.0      0.1189E-04
   146.0      0.1140E-04
   147.0      0.1095E-04
   148.0      0.1054E-04
   149.0      0.1014E-04
   150.0      0.9767E-05
   151.0      0.9417E-05
   152.0      0.9098E-05
   153.0      0.8820E-05
   154.0      0.8584E-05
   155.0      0.8387E-05
   156.0      0.8221E-05
   157.0      0.8072E-05
   158.0      0.7928E-05
   159.0      0.7780E-05
   160.0      0.7623E-05
   161.0      0.7456E-05
   162.0      0.7283E-05
   163.0      0.7113E-05
   164.0      0.6951E-05
   165.0      0.6803E-05
   166.0      0.6673E-05
   167.0      0.6560E-05
   168.0      0.6460E-05
   169.0      0.6371E-05
   170.0      0.6286E-05
   171.0      0.6205E-05
   172.0      0.6124E-05
   173.0      0.6043E-05
   174.0      0.5963E-05
   175.0      0.5886E-05
   176.0      0.5814E-05
   177.0      0.5750E-05
   178.0      0.5699E-05
   179.0      0.5667E-05
   180.0      0.5655E-05
 END
