# 181 angles,  1 tensor ranks for 0=projectile
@subtitle   "#NAMELIST input for 22Ne(7Li,t) to 1- state in 26Mg, Ex = 10.949 MeV"          
@legend ON
@legend x1 0.2
@legend y1 0.8
@g0 type LOGY
@yaxis ticklabel format power
@legend string   0 "Lab energy =   21.0000"
#legend string   0 "Partition=  2 Excit=  1 near/far= 1"
#  Theta       sigma       iT11        T20         T21         T22         Kyy for projectile
   0.000      0.1273    
   1.000      0.1267    
   2.000      0.1250    
   3.000      0.1222    
   4.000      0.1186    
   5.000      0.1142    
   6.000      0.1093    
   7.000      0.1041    
   8.000      0.9875E-01
   9.000      0.9332E-01
   10.00      0.8788E-01
   11.00      0.8247E-01
   12.00      0.7708E-01
   13.00      0.7169E-01
   14.00      0.6627E-01
   15.00      0.6084E-01
   16.00      0.5542E-01
   17.00      0.5008E-01
   18.00      0.4491E-01
   19.00      0.4001E-01
   20.00      0.3551E-01
   21.00      0.3150E-01
   22.00      0.2807E-01
   23.00      0.2525E-01
   24.00      0.2304E-01
   25.00      0.2139E-01
   26.00      0.2023E-01
   27.00      0.1944E-01
   28.00      0.1890E-01
   29.00      0.1849E-01
   30.00      0.1810E-01
   31.00      0.1764E-01
   32.00      0.1706E-01
   33.00      0.1633E-01
   34.00      0.1546E-01
   35.00      0.1447E-01
   36.00      0.1340E-01
   37.00      0.1230E-01
   38.00      0.1121E-01
   39.00      0.1019E-01
   40.00      0.9245E-02
   41.00      0.8410E-02
   42.00      0.7691E-02
   43.00      0.7086E-02
   44.00      0.6587E-02
   45.00      0.6179E-02
   46.00      0.5843E-02
   47.00      0.5560E-02
   48.00      0.5311E-02
   49.00      0.5078E-02
   50.00      0.4847E-02
   51.00      0.4609E-02
   52.00      0.4358E-02
   53.00      0.4092E-02
   54.00      0.3812E-02
   55.00      0.3523E-02
   56.00      0.3231E-02
   57.00      0.2943E-02
   58.00      0.2667E-02
   59.00      0.2409E-02
   60.00      0.2176E-02
   61.00      0.1972E-02
   62.00      0.1799E-02
   63.00      0.1656E-02
   64.00      0.1542E-02
   65.00      0.1453E-02
   66.00      0.1382E-02
   67.00      0.1324E-02
   68.00      0.1273E-02
   69.00      0.1224E-02
   70.00      0.1174E-02
   71.00      0.1119E-02
   72.00      0.1058E-02
   73.00      0.9911E-03
   74.00      0.9199E-03
   75.00      0.8459E-03
   76.00      0.7713E-03
   77.00      0.6982E-03
   78.00      0.6289E-03
   79.00      0.5650E-03
   80.00      0.5079E-03
   81.00      0.4583E-03
   82.00      0.4161E-03
   83.00      0.3811E-03
   84.00      0.3523E-03
   85.00      0.3287E-03
   86.00      0.3089E-03
   87.00      0.2919E-03
   88.00      0.2765E-03
   89.00      0.2619E-03
   90.00      0.2476E-03
   91.00      0.2331E-03
   92.00      0.2184E-03
   93.00      0.2036E-03
   94.00      0.1887E-03
   95.00      0.1742E-03
   96.00      0.1602E-03
   97.00      0.1470E-03
   98.00      0.1348E-03
   99.00      0.1238E-03
   100.0      0.1140E-03
   101.0      0.1055E-03
   102.0      0.9833E-04
   103.0      0.9231E-04
   104.0      0.8730E-04
   105.0      0.8310E-04
   106.0      0.7948E-04
   107.0      0.7619E-04
   108.0      0.7304E-04
   109.0      0.6988E-04
   110.0      0.6662E-04
   111.0      0.6327E-04
   112.0      0.5986E-04
   113.0      0.5646E-04
   114.0      0.5314E-04
   115.0      0.4994E-04
   116.0      0.4688E-04
   117.0      0.4394E-04
   118.0      0.4110E-04
   119.0      0.3837E-04
   120.0      0.3575E-04
   121.0      0.3328E-04
   122.0      0.3100E-04
   123.0      0.2897E-04
   124.0      0.2719E-04
   125.0      0.2568E-04
   126.0      0.2438E-04
   127.0      0.2326E-04
   128.0      0.2225E-04
   129.0      0.2131E-04
   130.0      0.2041E-04
   131.0      0.1952E-04
   132.0      0.1866E-04
   133.0      0.1782E-04
   134.0      0.1701E-04
   135.0      0.1623E-04
   136.0      0.1546E-04
   137.0      0.1471E-04
   138.0      0.1395E-04
   139.0      0.1319E-04
   140.0      0.1243E-04
   141.0      0.1169E-04
   142.0      0.1101E-04
   143.0      0.1040E-04
   144.0      0.9891E-05
   145.0      0.9479E-05
   146.0      0.9157E-05
   147.0      0.8903E-05
   148.0      0.8686E-05
   149.0      0.8477E-05
   150.0      0.8250E-05
   151.0      0.7996E-05
   152.0      0.7721E-05
   153.0      0.7442E-05
   154.0      0.7188E-05
   155.0      0.6984E-05
   156.0      0.6847E-05
   157.0      0.6778E-05
   158.0      0.6760E-05
   159.0      0.6762E-05
   160.0      0.6747E-05
   161.0      0.6679E-05
   162.0      0.6540E-05
   163.0      0.6327E-05
   164.0      0.6061E-05
   165.0      0.5779E-05
   166.0      0.5523E-05
   167.0      0.5332E-05
   168.0      0.5225E-05
   169.0      0.5203E-05
   170.0      0.5241E-05
   171.0      0.5299E-05
   172.0      0.5330E-05
   173.0      0.5294E-05
   174.0      0.5168E-05
   175.0      0.4955E-05
   176.0      0.4680E-05
   177.0      0.4385E-05
   178.0      0.4124E-05
   179.0      0.3944E-05
   180.0      0.3880E-05
 END
