# 181 angles,  1 tensor ranks for 0=projectile
@subtitle   "#NAMELIST input for 22Ne(7Li,t) to 0+ state in 26Mg, Ex = 3.588 MeV"           
@legend ON
@legend x1 0.2
@legend y1 0.8
@g0 type LOGY
@yaxis ticklabel format power
@legend string   0 "Lab energy =   21.0000"
#legend string   0 "Partition=  2 Excit=  1 near/far= 1"
#  Theta       sigma       iT11        T20         T21         T22         Kyy for projectile
   0.000      0.4956E-02
   1.000      0.4919E-02
   2.000      0.4810E-02
   3.000      0.4632E-02
   4.000      0.4390E-02
   5.000      0.4092E-02
   6.000      0.3750E-02
   7.000      0.3374E-02
   8.000      0.2979E-02
   9.000      0.2580E-02
   10.00      0.2191E-02
   11.00      0.1828E-02
   12.00      0.1501E-02
   13.00      0.1220E-02
   14.00      0.9905E-03
   15.00      0.8149E-03
   16.00      0.6911E-03
   17.00      0.6134E-03
   18.00      0.5737E-03
   19.00      0.5617E-03
   20.00      0.5668E-03
   21.00      0.5783E-03
   22.00      0.5872E-03
   23.00      0.5865E-03
   24.00      0.5719E-03
   25.00      0.5419E-03
   26.00      0.4975E-03
   27.00      0.4421E-03
   28.00      0.3804E-03
   29.00      0.3181E-03
   30.00      0.2606E-03
   31.00      0.2122E-03
   32.00      0.1762E-03
   33.00      0.1537E-03
   34.00      0.1441E-03
   35.00      0.1454E-03
   36.00      0.1540E-03
   37.00      0.1658E-03
   38.00      0.1770E-03
   39.00      0.1840E-03
   40.00      0.1844E-03
   41.00      0.1774E-03
   42.00      0.1631E-03
   43.00      0.1431E-03
   44.00      0.1197E-03
   45.00      0.9563E-04
   46.00      0.7332E-04
   47.00      0.5482E-04
   48.00      0.4131E-04
   49.00      0.3313E-04
   50.00      0.2975E-04
   51.00      0.3005E-04
   52.00      0.3258E-04
   53.00      0.3586E-04
   54.00      0.3864E-04
   55.00      0.4005E-04
   56.00      0.3970E-04
   57.00      0.3759E-04
   58.00      0.3406E-04
   59.00      0.2962E-04
   60.00      0.2482E-04
   61.00      0.2013E-04
   62.00      0.1592E-04
   63.00      0.1239E-04
   64.00      0.9606E-05
   65.00      0.7543E-05
   66.00      0.6120E-05
   67.00      0.5235E-05
   68.00      0.4787E-05
   69.00      0.4684E-05
   70.00      0.4844E-05
   71.00      0.5181E-05
   72.00      0.5607E-05
   73.00      0.6029E-05
   74.00      0.6356E-05
   75.00      0.6508E-05
   76.00      0.6431E-05
   77.00      0.6101E-05
   78.00      0.5532E-05
   79.00      0.4774E-05
   80.00      0.3903E-05
   81.00      0.3009E-05
   82.00      0.2179E-05
   83.00      0.1489E-05
   84.00      0.9853E-06
   85.00      0.6880E-06
   86.00      0.5855E-06
   87.00      0.6417E-06
   88.00      0.8040E-06
   89.00      0.1014E-05
   90.00      0.1216E-05
   91.00      0.1366E-05
   92.00      0.1437E-05
   93.00      0.1419E-05
   94.00      0.1316E-05
   95.00      0.1148E-05
   96.00      0.9401E-06
   97.00      0.7197E-06
   98.00      0.5117E-06
   99.00      0.3351E-06
   100.0      0.2013E-06
   101.0      0.1141E-06
   102.0      0.7037E-07
   103.0      0.6272E-07
   104.0      0.8103E-07
   105.0      0.1148E-06
   106.0      0.1545E-06
   107.0      0.1930E-06
   108.0      0.2253E-06
   109.0      0.2489E-06
   110.0      0.2632E-06
   111.0      0.2686E-06
   112.0      0.2662E-06
   113.0      0.2572E-06
   114.0      0.2429E-06
   115.0      0.2243E-06
   116.0      0.2022E-06
   117.0      0.1775E-06
   118.0      0.1514E-06
   119.0      0.1253E-06
   120.0      0.1008E-06
   121.0      0.7973E-07
   122.0      0.6372E-07
   123.0      0.5427E-07
   124.0      0.5236E-07
   125.0      0.5834E-07
   126.0      0.7179E-07
   127.0      0.9161E-07
   128.0      0.1161E-06
   129.0      0.1430E-06
   130.0      0.1700E-06
   131.0      0.1948E-06
   132.0      0.2152E-06
   133.0      0.2298E-06
   134.0      0.2375E-06
   135.0      0.2379E-06
   136.0      0.2313E-06
   137.0      0.2187E-06
   138.0      0.2011E-06
   139.0      0.1803E-06
   140.0      0.1578E-06
   141.0      0.1354E-06
   142.0      0.1145E-06
   143.0      0.9637E-07
   144.0      0.8177E-07
   145.0      0.7124E-07
   146.0      0.6490E-07
   147.0      0.6255E-07
   148.0      0.6371E-07
   149.0      0.6772E-07
   150.0      0.7379E-07
   151.0      0.8108E-07
   152.0      0.8878E-07
   153.0      0.9616E-07
   154.0      0.1026E-06
   155.0      0.1077E-06
   156.0      0.1111E-06
   157.0      0.1128E-06
   158.0      0.1126E-06
   159.0      0.1108E-06
   160.0      0.1076E-06
   161.0      0.1033E-06
   162.0      0.9821E-07
   163.0      0.9262E-07
   164.0      0.8685E-07
   165.0      0.8113E-07
   166.0      0.7567E-07
   167.0      0.7059E-07
   168.0      0.6599E-07
   169.0      0.6189E-07
   170.0      0.5830E-07
   171.0      0.5517E-07
   172.0      0.5248E-07
   173.0      0.5017E-07
   174.0      0.4820E-07
   175.0      0.4655E-07
   176.0      0.4521E-07
   177.0      0.4415E-07
   178.0      0.4339E-07
   179.0      0.4294E-07
   180.0      0.4278E-07
 END
