# 181 angles,  1 tensor ranks for 0=projectile
@subtitle   "#NAMELIST input for 22Ne(7Li,t) to 0+ state in 26Mg, Ex = 10.159 MeV"          
@legend ON
@legend x1 0.2
@legend y1 0.8
@g0 type LOGY
@yaxis ticklabel format power
@legend string   0 "Lab energy =   21.0000"
#legend string   0 "Partition=  2 Excit=  1 near/far= 1"
#  Theta       sigma       iT11        T20         T21         T22         Kyy for projectile
   0.000      0.1460E-01
   1.000      0.1460E-01
   2.000      0.1457E-01
   3.000      0.1449E-01
   4.000      0.1434E-01
   5.000      0.1406E-01
   6.000      0.1364E-01
   7.000      0.1304E-01
   8.000      0.1226E-01
   9.000      0.1130E-01
   10.00      0.1021E-01
   11.00      0.9034E-02
   12.00      0.7827E-02
   13.00      0.6656E-02
   14.00      0.5586E-02
   15.00      0.4667E-02
   16.00      0.3934E-02
   17.00      0.3401E-02
   18.00      0.3065E-02
   19.00      0.2900E-02
   20.00      0.2869E-02
   21.00      0.2928E-02
   22.00      0.3029E-02
   23.00      0.3128E-02
   24.00      0.3194E-02
   25.00      0.3202E-02
   26.00      0.3143E-02
   27.00      0.3020E-02
   28.00      0.2844E-02
   29.00      0.2633E-02
   30.00      0.2405E-02
   31.00      0.2181E-02
   32.00      0.1976E-02
   33.00      0.1801E-02
   34.00      0.1660E-02
   35.00      0.1555E-02
   36.00      0.1480E-02
   37.00      0.1430E-02
   38.00      0.1395E-02
   39.00      0.1367E-02
   40.00      0.1339E-02
   41.00      0.1306E-02
   42.00      0.1264E-02
   43.00      0.1211E-02
   44.00      0.1148E-02
   45.00      0.1077E-02
   46.00      0.1000E-02
   47.00      0.9209E-03
   48.00      0.8418E-03
   49.00      0.7662E-03
   50.00      0.6962E-03
   51.00      0.6335E-03
   52.00      0.5792E-03
   53.00      0.5335E-03
   54.00      0.4959E-03
   55.00      0.4654E-03
   56.00      0.4408E-03
   57.00      0.4204E-03
   58.00      0.4027E-03
   59.00      0.3863E-03
   60.00      0.3700E-03
   61.00      0.3529E-03
   62.00      0.3346E-03
   63.00      0.3150E-03
   64.00      0.2943E-03
   65.00      0.2730E-03
   66.00      0.2516E-03
   67.00      0.2309E-03
   68.00      0.2113E-03
   69.00      0.1936E-03
   70.00      0.1778E-03
   71.00      0.1643E-03
   72.00      0.1528E-03
   73.00      0.1432E-03
   74.00      0.1350E-03
   75.00      0.1280E-03
   76.00      0.1215E-03
   77.00      0.1153E-03
   78.00      0.1091E-03
   79.00      0.1026E-03
   80.00      0.9574E-04
   81.00      0.8859E-04
   82.00      0.8125E-04
   83.00      0.7388E-04
   84.00      0.6668E-04
   85.00      0.5984E-04
   86.00      0.5352E-04
   87.00      0.4786E-04
   88.00      0.4293E-04
   89.00      0.3875E-04
   90.00      0.3530E-04
   91.00      0.3252E-04
   92.00      0.3030E-04
   93.00      0.2855E-04
   94.00      0.2715E-04
   95.00      0.2599E-04
   96.00      0.2496E-04
   97.00      0.2400E-04
   98.00      0.2304E-04
   99.00      0.2204E-04
   100.0      0.2098E-04
   101.0      0.1988E-04
   102.0      0.1873E-04
   103.0      0.1756E-04
   104.0      0.1639E-04
   105.0      0.1526E-04
   106.0      0.1419E-04
   107.0      0.1320E-04
   108.0      0.1231E-04
   109.0      0.1152E-04
   110.0      0.1085E-04
   111.0      0.1028E-04
   112.0      0.9806E-05
   113.0      0.9414E-05
   114.0      0.9086E-05
   115.0      0.8803E-05
   116.0      0.8548E-05
   117.0      0.8306E-05
   118.0      0.8064E-05
   119.0      0.7814E-05
   120.0      0.7551E-05
   121.0      0.7272E-05
   122.0      0.6977E-05
   123.0      0.6668E-05
   124.0      0.6348E-05
   125.0      0.6021E-05
   126.0      0.5692E-05
   127.0      0.5366E-05
   128.0      0.5049E-05
   129.0      0.4746E-05
   130.0      0.4460E-05
   131.0      0.4196E-05
   132.0      0.3955E-05
   133.0      0.3737E-05
   134.0      0.3542E-05
   135.0      0.3366E-05
   136.0      0.3209E-05
   137.0      0.3066E-05
   138.0      0.2936E-05
   139.0      0.2818E-05
   140.0      0.2709E-05
   141.0      0.2610E-05
   142.0      0.2520E-05
   143.0      0.2438E-05
   144.0      0.2363E-05
   145.0      0.2294E-05
   146.0      0.2229E-05
   147.0      0.2167E-05
   148.0      0.2106E-05
   149.0      0.2045E-05
   150.0      0.1984E-05
   151.0      0.1922E-05
   152.0      0.1858E-05
   153.0      0.1795E-05
   154.0      0.1732E-05
   155.0      0.1669E-05
   156.0      0.1606E-05
   157.0      0.1544E-05
   158.0      0.1481E-05
   159.0      0.1417E-05
   160.0      0.1353E-05
   161.0      0.1287E-05
   162.0      0.1221E-05
   163.0      0.1156E-05
   164.0      0.1091E-05
   165.0      0.1030E-05
   166.0      0.9709E-06
   167.0      0.9159E-06
   168.0      0.8649E-06
   169.0      0.8179E-06
   170.0      0.7749E-06
   171.0      0.7357E-06
   172.0      0.7003E-06
   173.0      0.6688E-06
   174.0      0.6412E-06
   175.0      0.6177E-06
   176.0      0.5984E-06
   177.0      0.5834E-06
   178.0      0.5728E-06
   179.0      0.5664E-06
   180.0      0.5643E-06
 END
