# 181 angles,  1 tensor ranks for 0=projectile
@subtitle   "#NAMELIST input for 22Ne(7Li,t) to 0+ state in 26Mg, Ex = 12.345 MeV"          
@legend ON
@legend x1 0.2
@legend y1 0.8
@g0 type LOGY
@yaxis ticklabel format power
@legend string   0 "Lab energy =   21.0000"
#legend string   0 "Partition=  2 Excit=  1 near/far= 1"
#  Theta       sigma       iT11        T20         T21         T22         Kyy for projectile
   0.000      0.2225E-01
   1.000      0.2249E-01
   2.000      0.2318E-01
   3.000      0.2420E-01
   4.000      0.2539E-01
   5.000      0.2654E-01
   6.000      0.2744E-01
   7.000      0.2791E-01
   8.000      0.2782E-01
   9.000      0.2708E-01
   10.00      0.2569E-01
   11.00      0.2373E-01
   12.00      0.2132E-01
   13.00      0.1865E-01
   14.00      0.1590E-01
   15.00      0.1327E-01
   16.00      0.1094E-01
   17.00      0.9017E-02
   18.00      0.7590E-02
   19.00      0.6673E-02
   20.00      0.6227E-02
   21.00      0.6173E-02
   22.00      0.6401E-02
   23.00      0.6788E-02
   24.00      0.7215E-02
   25.00      0.7581E-02
   26.00      0.7808E-02
   27.00      0.7853E-02
   28.00      0.7703E-02
   29.00      0.7373E-02
   30.00      0.6899E-02
   31.00      0.6332E-02
   32.00      0.5726E-02
   33.00      0.5133E-02
   34.00      0.4593E-02
   35.00      0.4137E-02
   36.00      0.3778E-02
   37.00      0.3517E-02
   38.00      0.3343E-02
   39.00      0.3237E-02
   40.00      0.3176E-02
   41.00      0.3139E-02
   42.00      0.3104E-02
   43.00      0.3057E-02
   44.00      0.2987E-02
   45.00      0.2888E-02
   46.00      0.2762E-02
   47.00      0.2611E-02
   48.00      0.2443E-02
   49.00      0.2264E-02
   50.00      0.2083E-02
   51.00      0.1907E-02
   52.00      0.1742E-02
   53.00      0.1591E-02
   54.00      0.1458E-02
   55.00      0.1342E-02
   56.00      0.1244E-02
   57.00      0.1161E-02
   58.00      0.1091E-02
   59.00      0.1031E-02
   60.00      0.9779E-03
   61.00      0.9301E-03
   62.00      0.8854E-03
   63.00      0.8421E-03
   64.00      0.7991E-03
   65.00      0.7558E-03
   66.00      0.7117E-03
   67.00      0.6671E-03
   68.00      0.6223E-03
   69.00      0.5780E-03
   70.00      0.5350E-03
   71.00      0.4943E-03
   72.00      0.4563E-03
   73.00      0.4217E-03
   74.00      0.3906E-03
   75.00      0.3629E-03
   76.00      0.3385E-03
   77.00      0.3168E-03
   78.00      0.2975E-03
   79.00      0.2801E-03
   80.00      0.2641E-03
   81.00      0.2493E-03
   82.00      0.2354E-03
   83.00      0.2220E-03
   84.00      0.2090E-03
   85.00      0.1962E-03
   86.00      0.1835E-03
   87.00      0.1710E-03
   88.00      0.1587E-03
   89.00      0.1467E-03
   90.00      0.1352E-03
   91.00      0.1244E-03
   92.00      0.1143E-03
   93.00      0.1052E-03
   94.00      0.9687E-04
   95.00      0.8937E-04
   96.00      0.8260E-04
   97.00      0.7646E-04
   98.00      0.7087E-04
   99.00      0.6580E-04
   100.0      0.6121E-04
   101.0      0.5709E-04
   102.0      0.5341E-04
   103.0      0.5015E-04
   104.0      0.4726E-04
   105.0      0.4466E-04
   106.0      0.4227E-04
   107.0      0.4004E-04
   108.0      0.3790E-04
   109.0      0.3583E-04
   110.0      0.3381E-04
   111.0      0.3187E-04
   112.0      0.3002E-04
   113.0      0.2829E-04
   114.0      0.2669E-04
   115.0      0.2521E-04
   116.0      0.2385E-04
   117.0      0.2260E-04
   118.0      0.2142E-04
   119.0      0.2033E-04
   120.0      0.1930E-04
   121.0      0.1835E-04
   122.0      0.1748E-04
   123.0      0.1668E-04
   124.0      0.1596E-04
   125.0      0.1529E-04
   126.0      0.1465E-04
   127.0      0.1403E-04
   128.0      0.1341E-04
   129.0      0.1280E-04
   130.0      0.1219E-04
   131.0      0.1161E-04
   132.0      0.1107E-04
   133.0      0.1058E-04
   134.0      0.1014E-04
   135.0      0.9765E-05
   136.0      0.9426E-05
   137.0      0.9110E-05
   138.0      0.8799E-05
   139.0      0.8478E-05
   140.0      0.8141E-05
   141.0      0.7790E-05
   142.0      0.7435E-05
   143.0      0.7090E-05
   144.0      0.6766E-05
   145.0      0.6473E-05
   146.0      0.6215E-05
   147.0      0.5989E-05
   148.0      0.5789E-05
   149.0      0.5605E-05
   150.0      0.5427E-05
   151.0      0.5248E-05
   152.0      0.5063E-05
   153.0      0.4875E-05
   154.0      0.4687E-05
   155.0      0.4505E-05
   156.0      0.4334E-05
   157.0      0.4180E-05
   158.0      0.4044E-05
   159.0      0.3927E-05
   160.0      0.3827E-05
   161.0      0.3741E-05
   162.0      0.3665E-05
   163.0      0.3594E-05
   164.0      0.3524E-05
   165.0      0.3453E-05
   166.0      0.3380E-05
   167.0      0.3308E-05
   168.0      0.3236E-05
   169.0      0.3168E-05
   170.0      0.3104E-05
   171.0      0.3049E-05
   172.0      0.3005E-05
   173.0      0.2976E-05
   174.0      0.2961E-05
   175.0      0.2960E-05
   176.0      0.2967E-05
   177.0      0.2977E-05
   178.0      0.2987E-05
   179.0      0.2993E-05
   180.0      0.2995E-05
 END
