# 181 angles,  1 tensor ranks for 0=projectile
@subtitle   "#NAMELIST input for 22Ne(7Li,t) to 1- state in 26Mg, Ex = 11.183 MeV"          
@legend ON
@legend x1 0.2
@legend y1 0.8
@g0 type LOGY
@yaxis ticklabel format power
@legend string   0 "Lab energy =   21.0000"
#legend string   0 "Partition=  2 Excit=  1 near/far= 1"
#  Theta       sigma       iT11        T20         T21         T22         Kyy for projectile
   0.000      0.1384    
   1.000      0.1378    
   2.000      0.1360    
   3.000      0.1332    
   4.000      0.1294    
   5.000      0.1248    
   6.000      0.1197    
   7.000      0.1141    
   8.000      0.1084    
   9.000      0.1025    
   10.00      0.9662E-01
   11.00      0.9070E-01
   12.00      0.8478E-01
   13.00      0.7883E-01
   14.00      0.7286E-01
   15.00      0.6687E-01
   16.00      0.6091E-01
   17.00      0.5504E-01
   18.00      0.4937E-01
   19.00      0.4401E-01
   20.00      0.3909E-01
   21.00      0.3471E-01
   22.00      0.3096E-01
   23.00      0.2789E-01
   24.00      0.2547E-01
   25.00      0.2368E-01
   26.00      0.2240E-01
   27.00      0.2153E-01
   28.00      0.2093E-01
   29.00      0.2047E-01
   30.00      0.2003E-01
   31.00      0.1952E-01
   32.00      0.1888E-01
   33.00      0.1808E-01
   34.00      0.1712E-01
   35.00      0.1603E-01
   36.00      0.1486E-01
   37.00      0.1365E-01
   38.00      0.1245E-01
   39.00      0.1132E-01
   40.00      0.1029E-01
   41.00      0.9373E-02
   42.00      0.8586E-02
   43.00      0.7924E-02
   44.00      0.7376E-02
   45.00      0.6925E-02
   46.00      0.6550E-02
   47.00      0.6231E-02
   48.00      0.5947E-02
   49.00      0.5681E-02
   50.00      0.5418E-02
   51.00      0.5150E-02
   52.00      0.4869E-02
   53.00      0.4573E-02
   54.00      0.4264E-02
   55.00      0.3946E-02
   56.00      0.3624E-02
   57.00      0.3307E-02
   58.00      0.3003E-02
   59.00      0.2719E-02
   60.00      0.2461E-02
   61.00      0.2234E-02
   62.00      0.2039E-02
   63.00      0.1877E-02
   64.00      0.1745E-02
   65.00      0.1639E-02
   66.00      0.1555E-02
   67.00      0.1485E-02
   68.00      0.1425E-02
   69.00      0.1368E-02
   70.00      0.1312E-02
   71.00      0.1251E-02
   72.00      0.1186E-02
   73.00      0.1114E-02
   74.00      0.1038E-02
   75.00      0.9579E-03
   76.00      0.8767E-03
   77.00      0.7968E-03
   78.00      0.7206E-03
   79.00      0.6499E-03
   80.00      0.5863E-03
   81.00      0.5304E-03
   82.00      0.4823E-03
   83.00      0.4418E-03
   84.00      0.4078E-03
   85.00      0.3794E-03
   86.00      0.3554E-03
   87.00      0.3346E-03
   88.00      0.3159E-03
   89.00      0.2986E-03
   90.00      0.2820E-03
   91.00      0.2656E-03
   92.00      0.2492E-03
   93.00      0.2327E-03
   94.00      0.2163E-03
   95.00      0.2002E-03
   96.00      0.1846E-03
   97.00      0.1698E-03
   98.00      0.1559E-03
   99.00      0.1433E-03
   100.0      0.1320E-03
   101.0      0.1221E-03
   102.0      0.1135E-03
   103.0      0.1061E-03
   104.0      0.9983E-04
   105.0      0.9441E-04
   106.0      0.8971E-04
   107.0      0.8554E-04
   108.0      0.8176E-04
   109.0      0.7823E-04
   110.0      0.7484E-04
   111.0      0.7151E-04
   112.0      0.6816E-04
   113.0      0.6475E-04
   114.0      0.6126E-04
   115.0      0.5769E-04
   116.0      0.5410E-04
   117.0      0.5055E-04
   118.0      0.4710E-04
   119.0      0.4383E-04
   120.0      0.4080E-04
   121.0      0.3806E-04
   122.0      0.3559E-04
   123.0      0.3340E-04
   124.0      0.3146E-04
   125.0      0.2973E-04
   126.0      0.2817E-04
   127.0      0.2676E-04
   128.0      0.2546E-04
   129.0      0.2427E-04
   130.0      0.2316E-04
   131.0      0.2212E-04
   132.0      0.2113E-04
   133.0      0.2017E-04
   134.0      0.1924E-04
   135.0      0.1832E-04
   136.0      0.1742E-04
   137.0      0.1654E-04
   138.0      0.1568E-04
   139.0      0.1486E-04
   140.0      0.1409E-04
   141.0      0.1336E-04
   142.0      0.1269E-04
   143.0      0.1207E-04
   144.0      0.1150E-04
   145.0      0.1097E-04
   146.0      0.1048E-04
   147.0      0.1003E-04
   148.0      0.9613E-05
   149.0      0.9242E-05
   150.0      0.8917E-05
   151.0      0.8637E-05
   152.0      0.8402E-05
   153.0      0.8207E-05
   154.0      0.8042E-05
   155.0      0.7898E-05
   156.0      0.7762E-05
   157.0      0.7624E-05
   158.0      0.7476E-05
   159.0      0.7317E-05
   160.0      0.7146E-05
   161.0      0.6970E-05
   162.0      0.6797E-05
   163.0      0.6634E-05
   164.0      0.6487E-05
   165.0      0.6359E-05
   166.0      0.6247E-05
   167.0      0.6148E-05
   168.0      0.6056E-05
   169.0      0.5964E-05
   170.0      0.5870E-05
   171.0      0.5771E-05
   172.0      0.5668E-05
   173.0      0.5567E-05
   174.0      0.5470E-05
   175.0      0.5383E-05
   176.0      0.5310E-05
   177.0      0.5251E-05
   178.0      0.5209E-05
   179.0      0.5183E-05
   180.0      0.5175E-05
 END
