# 181 angles,  1 tensor ranks for 0=projectile
@subtitle   "#NAMELIST input for 22Ne(7Li,t) to 1- state in 26Mg, Ex = 11.500 MeV"          
@legend ON
@legend x1 0.2
@legend y1 0.8
@g0 type LOGY
@yaxis ticklabel format power
@legend string   0 "Lab energy =   21.0000"
#legend string   0 "Partition=  2 Excit=  1 near/far= 1"
#  Theta       sigma       iT11        T20         T21         T22         Kyy for projectile
   0.000      0.1545    
   1.000      0.1539    
   2.000      0.1520    
   3.000      0.1491    
   4.000      0.1451    
   5.000      0.1403    
   6.000      0.1349    
   7.000      0.1290    
   8.000      0.1227    
   9.000      0.1163    
   10.00      0.1098    
   11.00      0.1031    
   12.00      0.9639E-01
   13.00      0.8960E-01
   14.00      0.8277E-01
   15.00      0.7591E-01
   16.00      0.6910E-01
   17.00      0.6243E-01
   18.00      0.5600E-01
   19.00      0.4995E-01
   20.00      0.4441E-01
   21.00      0.3950E-01
   22.00      0.3530E-01
   23.00      0.3185E-01
   24.00      0.2915E-01
   25.00      0.2713E-01
   26.00      0.2569E-01
   27.00      0.2471E-01
   28.00      0.2403E-01
   29.00      0.2350E-01
   30.00      0.2299E-01
   31.00      0.2240E-01
   32.00      0.2166E-01
   33.00      0.2074E-01
   34.00      0.1964E-01
   35.00      0.1840E-01
   36.00      0.1706E-01
   37.00      0.1568E-01
   38.00      0.1433E-01
   39.00      0.1305E-01
   40.00      0.1188E-01
   41.00      0.1084E-01
   42.00      0.9950E-02
   43.00      0.9201E-02
   44.00      0.8581E-02
   45.00      0.8068E-02
   46.00      0.7640E-02
   47.00      0.7271E-02
   48.00      0.6939E-02
   49.00      0.6624E-02
   50.00      0.6311E-02
   51.00      0.5992E-02
   52.00      0.5660E-02
   53.00      0.5314E-02
   54.00      0.4957E-02
   55.00      0.4593E-02
   56.00      0.4229E-02
   57.00      0.3871E-02
   58.00      0.3527E-02
   59.00      0.3205E-02
   60.00      0.2910E-02
   61.00      0.2648E-02
   62.00      0.2420E-02
   63.00      0.2226E-02
   64.00      0.2066E-02
   65.00      0.1935E-02
   66.00      0.1828E-02
   67.00      0.1739E-02
   68.00      0.1662E-02
   69.00      0.1592E-02
   70.00      0.1524E-02
   71.00      0.1454E-02
   72.00      0.1380E-02
   73.00      0.1301E-02
   74.00      0.1218E-02
   75.00      0.1131E-02
   76.00      0.1042E-02
   77.00      0.9537E-03
   78.00      0.8679E-03
   79.00      0.7868E-03
   80.00      0.7123E-03
   81.00      0.6455E-03
   82.00      0.5870E-03
   83.00      0.5369E-03
   84.00      0.4945E-03
   85.00      0.4588E-03
   86.00      0.4287E-03
   87.00      0.4027E-03
   88.00      0.3796E-03
   89.00      0.3584E-03
   90.00      0.3383E-03
   91.00      0.3187E-03
   92.00      0.2993E-03
   93.00      0.2801E-03
   94.00      0.2609E-03
   95.00      0.2421E-03
   96.00      0.2239E-03
   97.00      0.2063E-03
   98.00      0.1898E-03
   99.00      0.1746E-03
   100.0      0.1607E-03
   101.0      0.1483E-03
   102.0      0.1375E-03
   103.0      0.1282E-03
   104.0      0.1202E-03
   105.0      0.1135E-03
   106.0      0.1076E-03
   107.0      0.1024E-03
   108.0      0.9761E-04
   109.0      0.9307E-04
   110.0      0.8868E-04
   111.0      0.8440E-04
   112.0      0.8025E-04
   113.0      0.7623E-04
   114.0      0.7236E-04
   115.0      0.6862E-04
   116.0      0.6495E-04
   117.0      0.6131E-04
   118.0      0.5766E-04
   119.0      0.5401E-04
   120.0      0.5041E-04
   121.0      0.4693E-04
   122.0      0.4367E-04
   123.0      0.4071E-04
   124.0      0.3811E-04
   125.0      0.3586E-04
   126.0      0.3392E-04
   127.0      0.3223E-04
   128.0      0.3070E-04
   129.0      0.2927E-04
   130.0      0.2790E-04
   131.0      0.2658E-04
   132.0      0.2532E-04
   133.0      0.2413E-04
   134.0      0.2302E-04
   135.0      0.2197E-04
   136.0      0.2097E-04
   137.0      0.1999E-04
   138.0      0.1901E-04
   139.0      0.1801E-04
   140.0      0.1701E-04
   141.0      0.1604E-04
   142.0      0.1513E-04
   143.0      0.1432E-04
   144.0      0.1362E-04
   145.0      0.1305E-04
   146.0      0.1258E-04
   147.0      0.1218E-04
   148.0      0.1179E-04
   149.0      0.1139E-04
   150.0      0.1096E-04
   151.0      0.1048E-04
   152.0      0.9982E-05
   153.0      0.9508E-05
   154.0      0.9100E-05
   155.0      0.8795E-05
   156.0      0.8611E-05
   157.0      0.8536E-05
   158.0      0.8535E-05
   159.0      0.8555E-05
   160.0      0.8535E-05
   161.0      0.8428E-05
   162.0      0.8211E-05
   163.0      0.7893E-05
   164.0      0.7516E-05
   165.0      0.7142E-05
   166.0      0.6836E-05
   167.0      0.6654E-05
   168.0      0.6620E-05
   169.0      0.6721E-05
   170.0      0.6910E-05
   171.0      0.7113E-05
   172.0      0.7251E-05
   173.0      0.7255E-05
   174.0      0.7087E-05
   175.0      0.6751E-05
   176.0      0.6292E-05
   177.0      0.5788E-05
   178.0      0.5334E-05
   179.0      0.5018E-05
   180.0      0.4905E-05
 END
