# 181 angles,  1 tensor ranks for 0=projectile
@subtitle   "#NAMELIST input for 22Ne(7Li,t) to 1- state in 26Mg, Ex = 11.31 MeV"           
@legend ON
@legend x1 0.2
@legend y1 0.8
@g0 type LOGY
@yaxis ticklabel format power
@legend string   0 "Lab energy =   21.0000"
#legend string   0 "Partition=  2 Excit=  1 near/far= 1"
#  Theta       sigma       iT11        T20         T21         T22         Kyy for projectile
   0.000      0.1448    
   1.000      0.1442    
   2.000      0.1423    
   3.000      0.1394    
   4.000      0.1355    
   5.000      0.1309    
   6.000      0.1256    
   7.000      0.1199    
   8.000      0.1140    
   9.000      0.1079    
   10.00      0.1017    
   11.00      0.9549E-01
   12.00      0.8926E-01
   13.00      0.8299E-01
   14.00      0.7669E-01
   15.00      0.7038E-01
   16.00      0.6409E-01
   17.00      0.5791E-01
   18.00      0.5195E-01
   19.00      0.4632E-01
   20.00      0.4116E-01
   21.00      0.3657E-01
   22.00      0.3264E-01
   23.00      0.2942E-01
   24.00      0.2689E-01
   25.00      0.2500E-01
   26.00      0.2366E-01
   27.00      0.2275E-01
   28.00      0.2212E-01
   29.00      0.2163E-01
   30.00      0.2117E-01
   31.00      0.2063E-01
   32.00      0.1995E-01
   33.00      0.1911E-01
   34.00      0.1809E-01
   35.00      0.1695E-01
   36.00      0.1571E-01
   37.00      0.1443E-01
   38.00      0.1318E-01
   39.00      0.1199E-01
   40.00      0.1090E-01
   41.00      0.9937E-02
   42.00      0.9109E-02
   43.00      0.8413E-02
   44.00      0.7837E-02
   45.00      0.7363E-02
   46.00      0.6968E-02
   47.00      0.6630E-02
   48.00      0.6327E-02
   49.00      0.6043E-02
   50.00      0.5762E-02
   51.00      0.5473E-02
   52.00      0.5172E-02
   53.00      0.4857E-02
   54.00      0.4529E-02
   55.00      0.4192E-02
   56.00      0.3854E-02
   57.00      0.3521E-02
   58.00      0.3202E-02
   59.00      0.2903E-02
   60.00      0.2631E-02
   61.00      0.2391E-02
   62.00      0.2184E-02
   63.00      0.2010E-02
   64.00      0.1868E-02
   65.00      0.1753E-02
   66.00      0.1660E-02
   67.00      0.1583E-02
   68.00      0.1516E-02
   69.00      0.1454E-02
   70.00      0.1393E-02
   71.00      0.1328E-02
   72.00      0.1259E-02
   73.00      0.1185E-02
   74.00      0.1106E-02
   75.00      0.1023E-02
   76.00      0.9394E-03
   77.00      0.8565E-03
   78.00      0.7769E-03
   79.00      0.7024E-03
   80.00      0.6347E-03
   81.00      0.5746E-03
   82.00      0.5226E-03
   83.00      0.4783E-03
   84.00      0.4409E-03
   85.00      0.4095E-03
   86.00      0.3829E-03
   87.00      0.3599E-03
   88.00      0.3393E-03
   89.00      0.3204E-03
   90.00      0.3025E-03
   91.00      0.2851E-03
   92.00      0.2678E-03
   93.00      0.2507E-03
   94.00      0.2336E-03
   95.00      0.2166E-03
   96.00      0.2000E-03
   97.00      0.1841E-03
   98.00      0.1690E-03
   99.00      0.1552E-03
   100.0      0.1426E-03
   101.0      0.1316E-03
   102.0      0.1221E-03
   103.0      0.1140E-03
   104.0      0.1071E-03
   105.0      0.1013E-03
   106.0      0.9634E-04
   107.0      0.9192E-04
   108.0      0.8785E-04
   109.0      0.8401E-04
   110.0      0.8027E-04
   111.0      0.7657E-04
   112.0      0.7289E-04
   113.0      0.6920E-04
   114.0      0.6550E-04
   115.0      0.6179E-04
   116.0      0.5810E-04
   117.0      0.5445E-04
   118.0      0.5090E-04
   119.0      0.4748E-04
   120.0      0.4426E-04
   121.0      0.4130E-04
   122.0      0.3861E-04
   123.0      0.3622E-04
   124.0      0.3409E-04
   125.0      0.3220E-04
   126.0      0.3050E-04
   127.0      0.2893E-04
   128.0      0.2746E-04
   129.0      0.2608E-04
   130.0      0.2477E-04
   131.0      0.2357E-04
   132.0      0.2246E-04
   133.0      0.2146E-04
   134.0      0.2055E-04
   135.0      0.1969E-04
   136.0      0.1886E-04
   137.0      0.1801E-04
   138.0      0.1712E-04
   139.0      0.1620E-04
   140.0      0.1527E-04
   141.0      0.1435E-04
   142.0      0.1350E-04
   143.0      0.1275E-04
   144.0      0.1211E-04
   145.0      0.1159E-04
   146.0      0.1116E-04
   147.0      0.1080E-04
   148.0      0.1047E-04
   149.0      0.1013E-04
   150.0      0.9783E-05
   151.0      0.9415E-05
   152.0      0.9045E-05
   153.0      0.8696E-05
   154.0      0.8391E-05
   155.0      0.8148E-05
   156.0      0.7972E-05
   157.0      0.7856E-05
   158.0      0.7778E-05
   159.0      0.7714E-05
   160.0      0.7635E-05
   161.0      0.7520E-05
   162.0      0.7359E-05
   163.0      0.7157E-05
   164.0      0.6929E-05
   165.0      0.6700E-05
   166.0      0.6495E-05
   167.0      0.6336E-05
   168.0      0.6235E-05
   169.0      0.6188E-05
   170.0      0.6181E-05
   171.0      0.6188E-05
   172.0      0.6182E-05
   173.0      0.6140E-05
   174.0      0.6047E-05
   175.0      0.5904E-05
   176.0      0.5725E-05
   177.0      0.5538E-05
   178.0      0.5373E-05
   179.0      0.5260E-05
   180.0      0.5220E-05
 END
