# 181 angles,  1 tensor ranks for 0=projectile
@subtitle   "#NAMELIST input for 22Ne(7Li,t) to 1- state in 26Mg, Ex = 10.573 MeV"          
@legend ON
@legend x1 0.2
@legend y1 0.8
@g0 type LOGY
@yaxis ticklabel format power
@legend string   0 "Lab energy =   21.0000"
#legend string   0 "Partition=  2 Excit=  1 near/far= 1"
#  Theta       sigma       iT11        T20         T21         T22         Kyy for projectile
   0.000      0.9497E-01
   1.000      0.9452E-01
   2.000      0.9319E-01
   3.000      0.9106E-01
   4.000      0.8827E-01
   5.000      0.8495E-01
   6.000      0.8127E-01
   7.000      0.7737E-01
   8.000      0.7337E-01
   9.000      0.6935E-01
   10.00      0.6535E-01
   11.00      0.6139E-01
   12.00      0.5745E-01
   13.00      0.5351E-01
   14.00      0.4954E-01
   15.00      0.4555E-01
   16.00      0.4156E-01
   17.00      0.3760E-01
   18.00      0.3376E-01
   19.00      0.3012E-01
   20.00      0.2676E-01
   21.00      0.2378E-01
   22.00      0.2123E-01
   23.00      0.1914E-01
   24.00      0.1752E-01
   25.00      0.1632E-01
   26.00      0.1548E-01
   27.00      0.1492E-01
   28.00      0.1455E-01
   29.00      0.1425E-01
   30.00      0.1397E-01
   31.00      0.1363E-01
   32.00      0.1320E-01
   33.00      0.1265E-01
   34.00      0.1199E-01
   35.00      0.1124E-01
   36.00      0.1043E-01
   37.00      0.9588E-02
   38.00      0.8760E-02
   39.00      0.7971E-02
   40.00      0.7246E-02
   41.00      0.6601E-02
   42.00      0.6044E-02
   43.00      0.5575E-02
   44.00      0.5188E-02
   45.00      0.4872E-02
   46.00      0.4613E-02
   47.00      0.4396E-02
   48.00      0.4207E-02
   49.00      0.4031E-02
   50.00      0.3856E-02
   51.00      0.3674E-02
   52.00      0.3479E-02
   53.00      0.3269E-02
   54.00      0.3045E-02
   55.00      0.2812E-02
   56.00      0.2574E-02
   57.00      0.2340E-02
   58.00      0.2117E-02
   59.00      0.1911E-02
   60.00      0.1728E-02
   61.00      0.1570E-02
   62.00      0.1438E-02
   63.00      0.1332E-02
   64.00      0.1248E-02
   65.00      0.1182E-02
   66.00      0.1131E-02
   67.00      0.1088E-02
   68.00      0.1048E-02
   69.00      0.1008E-02
   70.00      0.9646E-03
   71.00      0.9158E-03
   72.00      0.8612E-03
   73.00      0.8016E-03
   74.00      0.7385E-03
   75.00      0.6741E-03
   76.00      0.6107E-03
   77.00      0.5504E-03
   78.00      0.4949E-03
   79.00      0.4454E-03
   80.00      0.4023E-03
   81.00      0.3657E-03
   82.00      0.3350E-03
   83.00      0.3095E-03
   84.00      0.2884E-03
   85.00      0.2707E-03
   86.00      0.2553E-03
   87.00      0.2416E-03
   88.00      0.2286E-03
   89.00      0.2159E-03
   90.00      0.2032E-03
   91.00      0.1903E-03
   92.00      0.1773E-03
   93.00      0.1643E-03
   94.00      0.1517E-03
   95.00      0.1397E-03
   96.00      0.1286E-03
   97.00      0.1185E-03
   98.00      0.1095E-03
   99.00      0.1018E-03
   100.0      0.9505E-04
   101.0      0.8930E-04
   102.0      0.8439E-04
   103.0      0.8017E-04
   104.0      0.7648E-04
   105.0      0.7321E-04
   106.0      0.7023E-04
   107.0      0.6740E-04
   108.0      0.6465E-04
   109.0      0.6188E-04
   110.0      0.5904E-04
   111.0      0.5610E-04
   112.0      0.5308E-04
   113.0      0.5000E-04
   114.0      0.4692E-04
   115.0      0.4391E-04
   116.0      0.4102E-04
   117.0      0.3831E-04
   118.0      0.3581E-04
   119.0      0.3353E-04
   120.0      0.3148E-04
   121.0      0.2965E-04
   122.0      0.2802E-04
   123.0      0.2658E-04
   124.0      0.2530E-04
   125.0      0.2417E-04
   126.0      0.2318E-04
   127.0      0.2229E-04
   128.0      0.2148E-04
   129.0      0.2071E-04
   130.0      0.1997E-04
   131.0      0.1922E-04
   132.0      0.1845E-04
   133.0      0.1764E-04
   134.0      0.1680E-04
   135.0      0.1595E-04
   136.0      0.1511E-04
   137.0      0.1431E-04
   138.0      0.1355E-04
   139.0      0.1286E-04
   140.0      0.1224E-04
   141.0      0.1169E-04
   142.0      0.1119E-04
   143.0      0.1074E-04
   144.0      0.1032E-04
   145.0      0.9946E-05
   146.0      0.9602E-05
   147.0      0.9297E-05
   148.0      0.9032E-05
   149.0      0.8811E-05
   150.0      0.8629E-05
   151.0      0.8480E-05
   152.0      0.8354E-05
   153.0      0.8241E-05
   154.0      0.8129E-05
   155.0      0.8010E-05
   156.0      0.7879E-05
   157.0      0.7735E-05
   158.0      0.7579E-05
   159.0      0.7414E-05
   160.0      0.7243E-05
   161.0      0.7068E-05
   162.0      0.6893E-05
   163.0      0.6716E-05
   164.0      0.6537E-05
   165.0      0.6356E-05
   166.0      0.6174E-05
   167.0      0.5990E-05
   168.0      0.5807E-05
   169.0      0.5629E-05
   170.0      0.5459E-05
   171.0      0.5302E-05
   172.0      0.5160E-05
   173.0      0.5037E-05
   174.0      0.4933E-05
   175.0      0.4848E-05
   176.0      0.4781E-05
   177.0      0.4730E-05
   178.0      0.4695E-05
   179.0      0.4674E-05
   180.0      0.4667E-05
 END
