# 181 angles,  1 tensor ranks for 0=projectile
@subtitle   "#NAMELIST input for 22Ne(7Li,t) to 0+ state in 26Mg, Ex = 6.256 MeV"           
@legend ON
@legend x1 0.2
@legend y1 0.8
@g0 type LOGY
@yaxis ticklabel format power
@legend string   0 "Lab energy =   21.0000"
#legend string   0 "Partition=  2 Excit=  1 near/far= 1"
#  Theta       sigma       iT11        T20         T21         T22         Kyy for projectile
   0.000      0.1018E-03
   1.000      0.1012E-03
   2.000      0.9944E-04
   3.000      0.9645E-04
   4.000      0.9231E-04
   5.000      0.8706E-04
   6.000      0.8083E-04
   7.000      0.7376E-04
   8.000      0.6608E-04
   9.000      0.5806E-04
   10.00      0.5001E-04
   11.00      0.4225E-04
   12.00      0.3508E-04
   13.00      0.2875E-04
   14.00      0.2343E-04
   15.00      0.1924E-04
   16.00      0.1616E-04
   17.00      0.1412E-04
   18.00      0.1295E-04
   19.00      0.1245E-04
   20.00      0.1239E-04
   21.00      0.1254E-04
   22.00      0.1271E-04
   23.00      0.1275E-04
   24.00      0.1256E-04
   25.00      0.1208E-04
   26.00      0.1133E-04
   27.00      0.1035E-04
   28.00      0.9221E-05
   29.00      0.8026E-05
   30.00      0.6857E-05
   31.00      0.5790E-05
   32.00      0.4888E-05
   33.00      0.4186E-05
   34.00      0.3696E-05
   35.00      0.3407E-05
   36.00      0.3287E-05
   37.00      0.3293E-05
   38.00      0.3370E-05
   39.00      0.3467E-05
   40.00      0.3538E-05
   41.00      0.3544E-05
   42.00      0.3464E-05
   43.00      0.3289E-05
   44.00      0.3027E-05
   45.00      0.2696E-05
   46.00      0.2325E-05
   47.00      0.1944E-05
   48.00      0.1585E-05
   49.00      0.1274E-05
   50.00      0.1031E-05
   51.00      0.8638E-06
   52.00      0.7719E-06
   53.00      0.7450E-06
   54.00      0.7660E-06
   55.00      0.8144E-06
   56.00      0.8691E-06
   57.00      0.9119E-06
   58.00      0.9295E-06
   59.00      0.9147E-06
   60.00      0.8667E-06
   61.00      0.7901E-06
   62.00      0.6934E-06
   63.00      0.5869E-06
   64.00      0.4809E-06
   65.00      0.3841E-06
   66.00      0.3027E-06
   67.00      0.2397E-06
   68.00      0.1956E-06
   69.00      0.1684E-06
   70.00      0.1547E-06
   71.00      0.1504E-06
   72.00      0.1516E-06
   73.00      0.1547E-06
   74.00      0.1572E-06
   75.00      0.1573E-06
   76.00      0.1541E-06
   77.00      0.1475E-06
   78.00      0.1378E-06
   79.00      0.1256E-06
   80.00      0.1119E-06
   81.00      0.9751E-07
   82.00      0.8330E-07
   83.00      0.7007E-07
   84.00      0.5845E-07
   85.00      0.4890E-07
   86.00      0.4164E-07
   87.00      0.3669E-07
   88.00      0.3387E-07
   89.00      0.3281E-07
   90.00      0.3303E-07
   91.00      0.3401E-07
   92.00      0.3520E-07
   93.00      0.3615E-07
   94.00      0.3649E-07
   95.00      0.3603E-07
   96.00      0.3467E-07
   97.00      0.3250E-07
   98.00      0.2968E-07
   99.00      0.2643E-07
   100.0      0.2303E-07
   101.0      0.1971E-07
   102.0      0.1669E-07
   103.0      0.1411E-07
   104.0      0.1208E-07
   105.0      0.1059E-07
   106.0      0.9622E-08
   107.0      0.9089E-08
   108.0      0.8885E-08
   109.0      0.8894E-08
   110.0      0.9003E-08
   111.0      0.9113E-08
   112.0      0.9147E-08
   113.0      0.9054E-08
   114.0      0.8805E-08
   115.0      0.8397E-08
   116.0      0.7841E-08
   117.0      0.7167E-08
   118.0      0.6412E-08
   119.0      0.5615E-08
   120.0      0.4821E-08
   121.0      0.4066E-08
   122.0      0.3386E-08
   123.0      0.2806E-08
   124.0      0.2344E-08
   125.0      0.2010E-08
   126.0      0.1805E-08
   127.0      0.1723E-08
   128.0      0.1751E-08
   129.0      0.1871E-08
   130.0      0.2062E-08
   131.0      0.2301E-08
   132.0      0.2563E-08
   133.0      0.2827E-08
   134.0      0.3074E-08
   135.0      0.3285E-08
   136.0      0.3450E-08
   137.0      0.3561E-08
   138.0      0.3613E-08
   139.0      0.3607E-08
   140.0      0.3547E-08
   141.0      0.3440E-08
   142.0      0.3295E-08
   143.0      0.3122E-08
   144.0      0.2931E-08
   145.0      0.2732E-08
   146.0      0.2536E-08
   147.0      0.2351E-08
   148.0      0.2182E-08
   149.0      0.2036E-08
   150.0      0.1914E-08
   151.0      0.1819E-08
   152.0      0.1750E-08
   153.0      0.1706E-08
   154.0      0.1684E-08
   155.0      0.1682E-08
   156.0      0.1694E-08
   157.0      0.1719E-08
   158.0      0.1751E-08
   159.0      0.1787E-08
   160.0      0.1825E-08
   161.0      0.1862E-08
   162.0      0.1895E-08
   163.0      0.1924E-08
   164.0      0.1947E-08
   165.0      0.1963E-08
   166.0      0.1973E-08
   167.0      0.1978E-08
   168.0      0.1977E-08
   169.0      0.1971E-08
   170.0      0.1961E-08
   171.0      0.1949E-08
   172.0      0.1936E-08
   173.0      0.1921E-08
   174.0      0.1906E-08
   175.0      0.1892E-08
   176.0      0.1880E-08
   177.0      0.1870E-08
   178.0      0.1862E-08
   179.0      0.1858E-08
   180.0      0.1856E-08
 END
